
Playing the asymmetric EigenGame (Variant c)...
Time taken: 354.29952812194824s
EigenVectors obtained through EigenGame:
[[-0.315  0.281  0.115  0.138  0.153  0.169  0.327  0.138  0.062  0.04 ]
 [-0.316  0.554  0.377  0.401  0.41   0.404  0.477  0.024 -0.201 -0.257]
 [-0.317 -0.023 -0.183 -0.167 -0.161 -0.165 -0.051 -0.254 -0.239 -0.226]
 [-0.32  -0.392 -0.542 -0.535 -0.54  -0.569 -0.526 -0.788 -0.676 -0.622]
 [-0.315  0.553  0.376  0.4    0.406  0.389  0.413 -0.146 -0.402 -0.466]
 [-0.317 -0.254 -0.406 -0.394 -0.387 -0.382 -0.215 -0.239 -0.107 -0.065]
 [-0.317 -0.153 -0.307 -0.292 -0.279 -0.257 -0.039  0.024  0.151  0.188]
 [-0.315  0.127 -0.035 -0.014  0.002  0.027  0.23   0.181  0.184  0.173]
 [-0.315 -0.184 -0.337 -0.324 -0.314 -0.301 -0.108 -0.09   0.034  0.072]
 [-0.315  0.126 -0.035 -0.012  0.01   0.053  0.322  0.418  0.459  0.451]]
EigenVectors obtained through numpy:
[[-0.315  0.224 -0.052 -0.461 -0.198  0.003  0.061  0.315  0.703 -0.005]
 [-0.316  0.501  0.133 -0.354 -0.069 -0.426  0.036 -0.291 -0.415 -0.247]
 [-0.317 -0.087 -0.088  0.183 -0.176  0.092  0.562  0.577 -0.36  -0.182]
 [-0.32  -0.465 -0.044 -0.388  0.49   0.256 -0.188 -0.028 -0.09  -0.423]
 [-0.315  0.5    0.094  0.12   0.405  0.529 -0.061  0.037 -0.112  0.407]
 [-0.317 -0.323  0.315  0.084  0.342 -0.448  0.378 -0.154  0.176  0.416]
 [-0.317 -0.22   0.603  0.102 -0.546  0.322 -0.162 -0.218 -0.004 -0.025]
 [-0.315  0.066  0.029  0.497  0.103 -0.376 -0.581  0.342  0.093 -0.185]
 [-0.315 -0.25  -0.531 -0.184 -0.303 -0.073 -0.28  -0.038 -0.261  0.526]
 [-0.315  0.066 -0.464  0.407 -0.054  0.117  0.232 -0.54   0.275 -0.277]]
Learning Rate : 1
Distance measure: 3.958
Time taken to converge as per expectation: inf s