
Playing the asymmetric EigenGame (Variant a, momentum)...
Time taken: 176.90094208717346s
EigenVectors obtained through EigenGame:
[[ 0.262  0.243 -0.408 -0.604 -0.158 -0.161  0.387]
 [ 0.327  0.279  0.558 -0.388  0.103 -0.133 -0.437]
 [ 0.383 -0.184 -0.242 -0.432  0.237  0.543 -0.469]
 [ 0.324 -0.353 -0.242  0.173 -0.775 -0.137 -0.428]
 [ 0.499  0.705 -0.048  0.504  0.093 -0.011 -0.272]
 [ 0.322  0.219  0.532 -0.069 -0.48   0.723  0.419]
 [ 0.47  -0.399  0.346  0.101  0.262 -0.346  0.08 ]]
EigenVectors obtained through numpy:
[[ 0.379  0.207 -0.574 -0.514  0.01  -0.274  0.381]
 [ 0.379  0.223  0.192 -0.21   0.558 -0.161 -0.624]
 [ 0.375 -0.268 -0.403  0.075  0.033  0.764 -0.185]
 [ 0.377 -0.422  0.193 -0.214 -0.658 -0.258 -0.312]
 [ 0.38   0.605 -0.079  0.603 -0.332 -0.075 -0.057]
 [ 0.377  0.163  0.654 -0.22   0.009  0.355  0.479]
 [ 0.377 -0.515  0.018  0.477  0.38  -0.343  0.319]]
Learning Rate : 0.001
Distance measure: 1.545
Time taken to converge as per expectation: inf s