
Playing the asymmetric EigenGame (Variant c, adagrad)...
Time taken: 187.68289303779602s
EigenVectors obtained through EigenGame:
[[-0.379  0.207 -0.458 -0.345 -0.275 -0.479  0.424]
 [-0.379  0.223 -0.192  0.557 -0.162  0.567  0.334]
 [-0.375 -0.268 -0.34  -0.218  0.765  0.194 -0.036]
 [-0.377 -0.422  0.558 -0.403 -0.253  0.261  0.274]
 [-0.38   0.605  0.143 -0.311 -0.073  0.182 -0.578]
 [-0.377  0.163  0.509  0.41   0.352 -0.516  0.116]
 [-0.377 -0.515 -0.219  0.31  -0.346 -0.211 -0.533]]
EigenVectors obtained through numpy:
[[-0.379  0.207 -0.574  0.01  -0.274 -0.381  0.514]
 [-0.379  0.223  0.192  0.558 -0.161  0.624  0.21 ]
 [-0.375 -0.268 -0.403  0.033  0.764  0.185 -0.075]
 [-0.377 -0.422  0.193 -0.658 -0.258  0.312  0.214]
 [-0.38   0.605 -0.079 -0.332 -0.075  0.057 -0.603]
 [-0.377  0.163  0.654  0.009  0.355 -0.479  0.22 ]
 [-0.377 -0.515  0.018  0.38  -0.343 -0.319 -0.477]]
Learning Rate : 35
Distance measure: 0.965
Time taken to converge as per expectation: inf s