
Playing the asymmetric EigenGame (Variant b, adagrad)...
Time taken: 188.2758710384369s
EigenVectors obtained through EigenGame:
[[-0.379  0.207 -0.531 -0.349 -0.    -0.285  0.572]
 [-0.379  0.224  0.092  0.011  0.6    0.655  0.09 ]
 [-0.375 -0.267 -0.482  0.673 -0.253  0.174 -0.101]
 [-0.377 -0.424  0.345 -0.391 -0.518  0.339  0.152]
 [-0.38   0.604 -0.003 -0.166 -0.308 -0.058 -0.604]
 [-0.377  0.163  0.598  0.445  0.016 -0.424  0.307]
 [-0.377 -0.515 -0.021 -0.217  0.461 -0.402 -0.415]]
EigenVectors obtained through numpy:
[[-0.379  0.207 -0.574 -0.274  0.01  -0.381  0.514]
 [-0.379  0.223  0.192 -0.161  0.558  0.624  0.21 ]
 [-0.375 -0.268 -0.403  0.764  0.033  0.185 -0.075]
 [-0.377 -0.422  0.193 -0.258 -0.658  0.312  0.214]
 [-0.38   0.605 -0.079 -0.075 -0.332  0.057 -0.603]
 [-0.377  0.163  0.654  0.355  0.009 -0.479  0.22 ]
 [-0.377 -0.515  0.018 -0.343  0.38  -0.319 -0.477]]
Learning Rate : 10
Distance measure: 0.569
Time taken to converge as per expectation: inf s