
Playing the asymmetric EigenGame (Variant a, rmsprop)...
Time taken: 202.2199788093567s
EigenVectors obtained through EigenGame:
[[ 0.329  0.4    0.601  0.513 -0.118  0.584 -0.069]
 [ 0.361  0.124  0.01  -0.003  0.508  0.319  0.142]
 [ 0.415  0.503  0.601  0.612  0.316  0.299  0.933]
 [ 0.391  0.538  0.159  0.575  0.528  0.012 -0.09 ]
 [ 0.379 -0.125  0.376 -0.017  0.267  0.486  0.131]
 [ 0.375  0.247  0.306 -0.114  0.511  0.411  0.202]
 [ 0.39   0.453 -0.128 -0.134 -0.126  0.249  0.195]]
EigenVectors obtained through numpy:
[[ 0.379 -0.207  0.514 -0.01  -0.381 -0.574 -0.274]
 [ 0.379 -0.223  0.21  -0.558  0.624  0.192 -0.161]
 [ 0.375  0.268 -0.075 -0.033  0.185 -0.403  0.764]
 [ 0.377  0.422  0.214  0.658  0.312  0.193 -0.258]
 [ 0.38  -0.605 -0.603  0.332  0.057 -0.079 -0.075]
 [ 0.377 -0.163  0.22  -0.009 -0.479  0.654  0.355]
 [ 0.377  0.515 -0.477 -0.38  -0.319  0.018 -0.343]]
Learning Rate : 5e-06
Distance measure: 2.797
Time taken to converge as per expectation: inf s