
Playing the asymmetric EigenGame (Variant c)...
Time taken: 109.31759405136108s
EigenVectors obtained through EigenGame:
[[ 0.448  0.59  -0.406  0.476  0.243]
 [ 0.449 -0.667  0.108  0.568 -0.14 ]
 [ 0.443  0.371  0.438 -0.162 -0.67 ]
 [ 0.447 -0.261 -0.627 -0.57  -0.121]
 [ 0.449 -0.029  0.489 -0.316  0.677]]
EigenVectors obtained through numpy:
[[ 0.448  0.603 -0.382  0.48   0.243]
 [ 0.449 -0.669  0.094  0.568 -0.14 ]
 [ 0.443  0.357  0.447 -0.168 -0.67 ]
 [ 0.447 -0.242 -0.641 -0.563 -0.121]
 [ 0.449 -0.044  0.484 -0.321  0.677]]
Learning Rate : 5
Distance measure: 0.046
Time taken to converge as per expectation: inf s