
Playing the asymmetric EigenGame (Variant b, rmsprop)...
Time taken: 232.97401094436646s
EigenVectors obtained through EigenGame:
[[ 0.379  0.097 -0.348 -0.551  0.09   0.611  0.206]
 [ 0.379  0.267 -0.429  0.436 -0.514  0.08  -0.378]
 [ 0.375 -0.48  -0.437 -0.045  0.442 -0.448 -0.214]
 [ 0.377 -0.174  0.568 -0.399 -0.267 -0.024 -0.512]
 [ 0.38   0.525  0.329  0.296  0.613  0.058 -0.091]
 [ 0.377  0.298  0.047 -0.205 -0.279 -0.576  0.559]
 [ 0.377 -0.542  0.267  0.465 -0.086  0.291  0.431]]
EigenVectors obtained through numpy:
[[ 0.379  0.207 -0.01  -0.514  0.574  0.274  0.381]
 [ 0.379  0.223 -0.558 -0.21  -0.192  0.161 -0.624]
 [ 0.375 -0.268 -0.033  0.075  0.403 -0.764 -0.185]
 [ 0.377 -0.422  0.658 -0.214 -0.193  0.258 -0.312]
 [ 0.38   0.605  0.332  0.603  0.079  0.075 -0.057]
 [ 0.377  0.163 -0.009 -0.22  -0.654 -0.355  0.479]
 [ 0.377 -0.515 -0.38   0.477 -0.018  0.343  0.319]]
Learning Rate : 5e-05
Distance measure: 1.646
Time taken to converge as per expectation: inf s