
Playing the asymmetric EigenGame (Variant a, momentum)...
Time taken: 199.24062085151672s
EigenVectors obtained through EigenGame:
[[-0.379 -0.138  0.381 -0.189 -0.319  0.384 -0.731]
 [-0.379 -0.154 -0.289  0.327 -0.602 -0.522 -0.149]
 [-0.375  0.329  0.375 -0.642 -0.104 -0.491  0.242]
 [-0.377  0.481 -0.161  0.236  0.565 -0.277 -0.506]
 [-0.38  -0.53   0.008  0.021  0.151 -0.331  0.126]
 [-0.377 -0.095 -0.757 -0.595  0.064  0.235 -0.023]
 [-0.377  0.573 -0.176  0.185 -0.423  0.313  0.335]]
EigenVectors obtained through numpy:
[[-0.379 -0.207  0.574  0.274 -0.01   0.381 -0.514]
 [-0.379 -0.223 -0.192  0.161 -0.558 -0.624 -0.21 ]
 [-0.375  0.268  0.403 -0.764 -0.033 -0.185  0.075]
 [-0.377  0.422 -0.193  0.258  0.658 -0.312 -0.214]
 [-0.38  -0.605  0.079  0.075  0.332 -0.057  0.603]
 [-0.377 -0.163 -0.654 -0.355 -0.009  0.479 -0.22 ]
 [-0.377  0.515 -0.018  0.343 -0.38   0.319  0.477]]
Learning Rate : 5e-05
Distance measure: 1.142
Time taken to converge as per expectation: inf s