
Playing the asymmetric EigenGame (Variant a, rmsprop)...
Time taken: 80.17110800743103s
EigenVectors obtained through EigenGame:
[[ 0.448  0.604 -0.381 -0.479 -0.243]
 [ 0.449 -0.67   0.091 -0.568  0.14 ]
 [ 0.443  0.355  0.448  0.167  0.67 ]
 [ 0.447 -0.24  -0.641  0.563  0.121]
 [ 0.449 -0.046  0.484  0.321 -0.677]]
EigenVectors obtained through numpy:
[[ 0.448  0.603 -0.382 -0.48  -0.243]
 [ 0.449 -0.669  0.094 -0.568  0.14 ]
 [ 0.443  0.357  0.447  0.168  0.67 ]
 [ 0.447 -0.242 -0.641  0.563  0.121]
 [ 0.449 -0.044  0.484  0.321 -0.677]]
Learning Rate : 0.0005
Distance measure: 0.005
Time taken to converge as per expectation: 80.16960191726685 s