
Playing the asymmetric EigenGame (Variant b, rmsprop)...
Time taken: 237.27975487709045s
EigenVectors obtained through EigenGame:
[[ 0.379 -0.21   0.555 -0.126 -0.237 -0.405  0.518]
 [ 0.379 -0.222 -0.317 -0.485 -0.263  0.601  0.204]
 [ 0.375  0.266  0.387 -0.172  0.728  0.27  -0.077]
 [ 0.377  0.423 -0.034  0.7   -0.249  0.285  0.211]
 [ 0.38  -0.605  0.151  0.31  -0.062  0.043 -0.604]
 [ 0.377 -0.16  -0.639  0.117  0.416 -0.433  0.225]
 [ 0.377  0.515 -0.103 -0.345 -0.325 -0.362 -0.474]]
EigenVectors obtained through numpy:
[[ 0.379 -0.207  0.574 -0.01  -0.274 -0.381  0.514]
 [ 0.379 -0.223 -0.192 -0.558 -0.161  0.624  0.21 ]
 [ 0.375  0.268  0.403 -0.033  0.764  0.185 -0.075]
 [ 0.377  0.422 -0.193  0.658 -0.258  0.312  0.214]
 [ 0.38  -0.605  0.079  0.332 -0.075  0.057 -0.603]
 [ 0.377 -0.163 -0.654 -0.009  0.355 -0.479  0.22 ]
 [ 0.377  0.515 -0.018 -0.38  -0.343 -0.319 -0.477]]
Learning Rate : 0.0001
Distance measure: 0.377
Time taken to converge as per expectation: inf s