
Playing the asymmetric EigenGame (Variant c, rmsprop)...
Time taken: 278.94778871536255s
EigenVectors obtained through EigenGame:
[[ 0.379 -0.207 -0.573  0.018 -0.274  0.441  0.464]
 [ 0.38  -0.223  0.201  0.554 -0.165 -0.593  0.284]
 [ 0.375  0.268 -0.403  0.045  0.764 -0.193 -0.052]
 [ 0.377  0.422  0.182 -0.662 -0.253 -0.283  0.25 ]
 [ 0.381 -0.605 -0.084 -0.331 -0.073 -0.13  -0.592]
 [ 0.377 -0.163  0.654  0.001  0.355  0.502  0.161]
 [ 0.378  0.515  0.025  0.378 -0.345  0.259 -0.512]]
EigenVectors obtained through numpy:
[[ 0.379 -0.207 -0.574  0.01  -0.274  0.381  0.514]
 [ 0.379 -0.223  0.192  0.558 -0.161 -0.624  0.21 ]
 [ 0.375  0.268 -0.403  0.033  0.764 -0.185 -0.075]
 [ 0.377  0.422  0.193 -0.658 -0.258 -0.312  0.214]
 [ 0.38  -0.605 -0.079 -0.332 -0.075 -0.057 -0.603]
 [ 0.377 -0.163  0.654  0.009  0.355  0.479  0.22 ]
 [ 0.377  0.515  0.018  0.38  -0.343  0.319 -0.477]]
Learning Rate : 0.001
Distance measure: 0.174
Time taken to converge as per expectation: inf s