
Playing the asymmetric EigenGame (Variant c)...
EigenVectors obtained through EigenGame:
[[ 0.448  0.523 -0.483 -0.481 -0.243]
 [ 0.449 -0.265  0.621 -0.567  0.14 ]
 [ 0.443 -0.34  -0.461  0.169  0.67 ]
 [ 0.447  0.559  0.401  0.56   0.121]
 [ 0.449 -0.478 -0.083  0.323 -0.677]]
EigenVectors obtained through numpy:
[[ 0.448  0.382 -0.603 -0.48  -0.243]
 [ 0.449 -0.094  0.669 -0.568  0.14 ]
 [ 0.443 -0.447 -0.357  0.168  0.67 ]
 [ 0.447  0.641  0.242  0.563  0.121]
 [ 0.449 -0.484  0.044  0.321 -0.677]]
Learning Rate : 0.0001
Distance measure: 0.369