
Playing the asymmetric EigenGame (Variant a, adagrad)...
Time taken: 186.26857995986938s
EigenVectors obtained through EigenGame:
[[ 0.273 -0.057  0.318  0.08   0.593  0.198  0.237]
 [ 0.184  0.642  0.597  0.247  0.033  0.502  0.342]
 [ 0.406  0.376  0.519  0.403  0.369  0.597  0.68 ]
 [ 0.323 -0.142  0.104  0.468  0.085  0.275  0.08 ]
 [ 0.5    0.428 -0.041  0.053  0.603  0.52   0.073]
 [ 0.355  0.175  0.292  0.738  0.267  0.016  0.525]
 [ 0.496  0.457  0.419 -0.053  0.262 -0.075  0.276]]
EigenVectors obtained through numpy:
[[ 0.379  0.01   0.514 -0.574  0.207 -0.381 -0.274]
 [ 0.379  0.558  0.21   0.192  0.223  0.624 -0.161]
 [ 0.375  0.033 -0.075 -0.403 -0.268  0.185  0.764]
 [ 0.377 -0.658  0.214  0.193 -0.422  0.312 -0.258]
 [ 0.38  -0.332 -0.603 -0.079  0.605  0.057 -0.075]
 [ 0.377  0.009  0.22   0.654  0.163 -0.479  0.355]
 [ 0.377  0.38  -0.477  0.018 -0.515 -0.319 -0.343]]
Learning Rate : 0.0005
Distance measure: 2.744
Time taken to converge as per expectation: inf s