
Playing the asymmetric EigenGame (Variant c)...
Time taken: 137.49042987823486s
EigenVectors obtained through EigenGame:
[[ 0.448  0.548  0.115  0.669  0.193]
 [ 0.449 -0.656 -0.428  0.375 -0.214]
 [ 0.443  0.414 -0.203 -0.413 -0.649]
 [ 0.447 -0.314  0.819 -0.177 -0.043]
 [ 0.449  0.013 -0.302 -0.459  0.703]]
EigenVectors obtained through numpy:
[[ 0.448  0.603  0.382  0.48   0.243]
 [ 0.449 -0.669 -0.094  0.568 -0.14 ]
 [ 0.443  0.357 -0.447 -0.168 -0.67 ]
 [ 0.447 -0.242  0.641 -0.563 -0.121]
 [ 0.449 -0.044 -0.484 -0.321  0.677]]
Learning Rate : 0.5
Distance measure: 0.799
Time taken to converge as per expectation: inf s