
Playing the asymmetric EigenGame (Variant a, rmsprop)...
Time taken: 204.33166313171387s
EigenVectors obtained through EigenGame:
[[-0.632 -0.244 -0.425 -0.306  0.67  -0.416 -0.387]
 [-0.416 -0.318 -0.429 -0.289 -0.066 -0.23  -0.445]
 [-0.21  -0.382 -0.28  -0.448  0.464 -0.228 -0.186]
 [-0.417 -0.315 -0.238 -0.474 -0.131 -0.545 -0.517]
 [ 0.162 -0.514 -0.538 -0.204  0.18  -0.477 -0.43 ]
 [-0.422 -0.313 -0.409 -0.292 -0.529 -0.324 -0.215]
 [ 0.075 -0.481 -0.208 -0.52   0.038 -0.305 -0.346]]
EigenVectors obtained through numpy:
[[-0.514 -0.379 -0.207 -0.381  0.574  0.01  -0.274]
 [-0.21  -0.379 -0.223  0.624 -0.192  0.558 -0.161]
 [ 0.075 -0.375  0.268  0.185  0.403  0.033  0.764]
 [-0.214 -0.377  0.422  0.312 -0.193 -0.658 -0.258]
 [ 0.603 -0.38  -0.605  0.057  0.079 -0.332 -0.075]
 [-0.22  -0.377 -0.163 -0.479 -0.654  0.009  0.355]
 [ 0.477 -0.377  0.515 -0.319 -0.018  0.38  -0.343]]
Learning Rate : 10
Distance measure: 2.666
Time taken to converge as per expectation: inf s