
Playing the asymmetric EigenGame (Variant c, adagrad)...
Time taken: 461.6160171031952s
EigenVectors obtained through EigenGame:
[[-0.315  0.233 -0.394 -0.213  0.014 -0.245 -0.117  0.484  0.392 -0.428]
 [-0.316  0.51  -0.38   0.038  0.366  0.351 -0.12  -0.453 -0.121  0.062]
 [-0.317 -0.09   0.242 -0.018 -0.181 -0.243 -0.828 -0.152 -0.189 -0.012]
 [-0.32  -0.461 -0.356 -0.229 -0.197 -0.081  0.1   -0.308  0.394  0.449]
 [-0.315  0.492  0.089  0.075 -0.512 -0.136  0.245  0.242 -0.219  0.444]
 [-0.317 -0.323 -0.027  0.372  0.31   0.386 -0.126  0.554 -0.066  0.287]
 [-0.317 -0.231 -0.144  0.545 -0.359  0.051  0.236 -0.218 -0.152 -0.519]
 [-0.315  0.062  0.399  0.27   0.496 -0.53   0.244 -0.151  0.23   0.052]
 [-0.315 -0.242  0.005 -0.547  0.207 -0.095  0.276  0.062 -0.623 -0.15 ]
 [-0.315  0.059  0.572 -0.294 -0.139  0.54   0.094 -0.055  0.353 -0.191]]
EigenVectors obtained through numpy:
[[-0.315  0.224 -0.461 -0.052 -0.003 -0.315 -0.061  0.315  0.005 -0.198]
 [-0.316  0.501 -0.354  0.133  0.426  0.291 -0.036 -0.291  0.247 -0.069]
 [-0.317 -0.087  0.183 -0.088 -0.092 -0.577 -0.562  0.577  0.182 -0.176]
 [-0.32  -0.465 -0.388 -0.044 -0.256  0.028  0.188 -0.028  0.423  0.49 ]
 [-0.315  0.5    0.12   0.094 -0.529 -0.037  0.061  0.037 -0.407  0.405]
 [-0.317 -0.323  0.084  0.315  0.448  0.154 -0.378 -0.154 -0.416  0.342]
 [-0.317 -0.22   0.102  0.603 -0.322  0.218  0.162 -0.218  0.025 -0.546]
 [-0.315  0.066  0.497  0.029  0.376 -0.342  0.581  0.342  0.185  0.103]
 [-0.315 -0.25  -0.184 -0.531  0.073  0.038  0.28  -0.038 -0.526 -0.303]
 [-0.315  0.066  0.407 -0.464 -0.117  0.54  -0.232 -0.54   0.277 -0.054]]
Learning Rate : 45
Distance measure: 1.885
Time taken to converge as per expectation: inf s