
Playing the asymmetric EigenGame (Variant a, momentum)...
Time taken: 210.70803785324097s
EigenVectors obtained through EigenGame:
[[-0.484  0.138  0.634 -0.1    0.362  0.349  0.172]
 [-0.417  0.134 -0.135 -0.021  0.616 -0.232 -0.596]
 [-0.349 -0.358  0.539 -0.155  0.123 -0.671  0.248]
 [-0.416 -0.489  0.212  0.514 -0.318  0.143 -0.543]
 [-0.236  0.45  -0.09  -0.541 -0.497 -0.098 -0.403]
 [-0.417  0.077 -0.422  0.202 -0.142 -0.507  0.292]
 [-0.261 -0.622 -0.24  -0.607  0.326  0.294  0.105]]
EigenVectors obtained through numpy:
[[-0.379  0.207  0.574  0.514  0.01   0.274  0.381]
 [-0.379  0.223 -0.192  0.21   0.558  0.161 -0.624]
 [-0.375 -0.268  0.403 -0.075  0.033 -0.764 -0.185]
 [-0.377 -0.422 -0.193  0.214 -0.658  0.258 -0.312]
 [-0.38   0.605  0.079 -0.603 -0.332  0.075 -0.057]
 [-0.377  0.163 -0.654  0.22   0.009 -0.355  0.479]
 [-0.377 -0.515 -0.018 -0.477  0.38   0.343  0.319]]
Learning Rate : 10
Distance measure: 1.419
Time taken to converge as per expectation: inf s