
Playing the asymmetric EigenGame (Variant a, momentum)...
Time taken: 178.0127477645874s
EigenVectors obtained through EigenGame:
[[-0.254 -0.164  0.077 -0.787 -0.494 -0.178  0.281]
 [-0.323 -0.158 -0.134  0.223 -0.111 -0.788 -0.448]
 [-0.382  0.341  0.424 -0.395  0.395  0.026 -0.561]
 [-0.32   0.472 -0.481  0.028 -0.458  0.426 -0.328]
 [-0.506 -0.475  0.076  0.209 -0.349  0.215 -0.255]
 [-0.318 -0.1   -0.742 -0.25   0.482 -0.072  0.134]
 [-0.475  0.611  0.092  0.262 -0.153 -0.336  0.464]]
EigenVectors obtained through numpy:
[[-0.379 -0.207  0.574 -0.514 -0.274 -0.01   0.381]
 [-0.379 -0.223 -0.192 -0.21  -0.161 -0.558 -0.624]
 [-0.375  0.268  0.403  0.075  0.764 -0.033 -0.185]
 [-0.377  0.422 -0.193 -0.214 -0.258  0.658 -0.312]
 [-0.38  -0.605  0.079  0.603 -0.075  0.332 -0.057]
 [-0.377 -0.163 -0.654 -0.22   0.355 -0.009  0.479]
 [-0.377  0.515 -0.018  0.477 -0.343 -0.38   0.319]]
Learning Rate : 25
Distance measure: 1.437
Time taken to converge as per expectation: inf s