
Playing the asymmetric EigenGame (Variant a, momentum)...
Time taken: 209.38392305374146s
EigenVectors obtained through EigenGame:
[[-0.27   0.245 -0.286 -0.536 -0.297  0.246 -0.446]
 [-0.33   0.279  0.626 -0.14  -0.271  0.452  0.707]
 [-0.383 -0.185 -0.137 -0.304 -0.019 -0.744  0.129]
 [-0.328 -0.353 -0.41   0.324 -0.57   0.353  0.323]
 [-0.492  0.702 -0.108  0.513  0.421  0.102  0.198]
 [-0.326  0.219  0.411  0.456 -0.408 -0.127 -0.118]
 [-0.465 -0.402  0.399  0.154  0.411  0.172 -0.357]]
EigenVectors obtained through numpy:
[[-0.379  0.207  0.01  -0.574 -0.514  0.274 -0.381]
 [-0.379  0.223  0.558  0.192 -0.21   0.161  0.624]
 [-0.375 -0.268  0.033 -0.403  0.075 -0.764  0.185]
 [-0.377 -0.422 -0.658  0.193 -0.214  0.258  0.312]
 [-0.38   0.605 -0.332 -0.079  0.603  0.075  0.057]
 [-0.377  0.163  0.009  0.654 -0.22  -0.355 -0.479]
 [-0.377 -0.515  0.38   0.018  0.477  0.343 -0.319]]
Learning Rate : 0.0005
Distance measure: 1.275
Time taken to converge as per expectation: inf s