
Playing the asymmetric EigenGame (Variant b, momentum)...
Time taken: 262.10454297065735s
EigenVectors obtained through EigenGame:
[[-0.39  -0.326 -0.466 -0.438  0.319 -0.084 -0.497]
 [-0.377  0.533  0.5   -0.117  0.031  0.279 -0.502]
 [-0.401 -0.308  0.134 -0.373 -0.755  0.178  0.268]
 [-0.362 -0.277  0.46   0.245  0.074 -0.685 -0.008]
 [-0.366  0.635 -0.435 -0.031 -0.088 -0.386  0.334]
 [-0.373 -0.15  -0.314  0.769 -0.135  0.216 -0.15 ]
 [-0.374 -0.111  0.124 -0.053  0.543  0.468  0.544]]
EigenVectors obtained through numpy:
[[-0.379  0.207 -0.381 -0.574  0.274  0.01  -0.514]
 [-0.379  0.223  0.624  0.192  0.161  0.558 -0.21 ]
 [-0.375 -0.268  0.185 -0.403 -0.764  0.033  0.075]
 [-0.377 -0.422  0.312  0.193  0.258 -0.658 -0.214]
 [-0.38   0.605  0.057 -0.079  0.075 -0.332  0.603]
 [-0.377  0.163 -0.479  0.654 -0.355  0.009 -0.22 ]
 [-0.377 -0.515 -0.319  0.018  0.343  0.38   0.477]]
Learning Rate : 1e-06
Distance measure: 1.377
Time taken to converge as per expectation: inf s