
Playing the asymmetric EigenGame (Variant c, rmsprop)...
Time taken: 187.70831108093262s
EigenVectors obtained through EigenGame:
[[ 0.379  0.208 -0.571  0.015  0.283 -0.264  0.574]
 [ 0.379  0.224  0.197  0.56   0.127  0.656  0.082]
 [ 0.375 -0.267 -0.4    0.036 -0.774  0.128 -0.113]
 [ 0.377 -0.421  0.194 -0.656  0.238  0.355  0.146]
 [ 0.38   0.606 -0.077 -0.329  0.075 -0.061 -0.607]
 [ 0.377  0.164  0.657  0.01  -0.338 -0.446  0.305]
 [ 0.377 -0.514  0.022  0.383  0.358 -0.393 -0.41 ]]
EigenVectors obtained through numpy:
[[ 0.379  0.207 -0.574  0.01   0.274 -0.381  0.514]
 [ 0.379  0.223  0.192  0.558  0.161  0.624  0.21 ]
 [ 0.375 -0.268 -0.403  0.033 -0.764  0.185 -0.075]
 [ 0.377 -0.422  0.193 -0.658  0.258  0.312  0.214]
 [ 0.38   0.605 -0.079 -0.332  0.075  0.057 -0.603]
 [ 0.377  0.163  0.654  0.009 -0.355 -0.479  0.22 ]
 [ 0.377 -0.515  0.018  0.38   0.343 -0.319 -0.477]]
Learning Rate : 0.01
Distance measure: 0.284
Time taken to converge as per expectation: inf s