
Playing the asymmetric EigenGame (Variant b, adagrad)...
Time taken: 222.19392585754395s
EigenVectors obtained through EigenGame:
[[0.338 0.728 0.19  0.235 0.284 0.737 0.333]
 [0.486 0.419 0.182 0.263 0.152 0.457 0.225]
 [0.086 0.118 0.131 0.554 0.094 0.433 0.466]
 [0.573 0.383 0.531 0.431 0.619 0.037 0.241]
 [0.556 0.331 0.618 0.32  0.178 0.198 0.56 ]
 [0.053 0.148 0.02  0.527 0.634 0.128 0.369]
 [0.044 0.048 0.5   0.057 0.265 0.049 0.338]]
EigenVectors obtained through numpy:
[[-0.381  0.207 -0.514 -0.274 -0.01   0.574  0.379]
 [ 0.624  0.223 -0.21  -0.161 -0.558 -0.192  0.379]
 [ 0.185 -0.268  0.075  0.764 -0.033  0.403  0.375]
 [ 0.312 -0.422 -0.214 -0.258  0.658 -0.193  0.377]
 [ 0.057  0.605  0.603 -0.075  0.332  0.079  0.38 ]
 [-0.479  0.163 -0.22   0.355 -0.009 -0.654  0.377]
 [-0.319 -0.515  0.477 -0.343 -0.38  -0.018  0.377]]
Learning Rate : 5e-07
Distance measure: 2.833
Time taken to converge as per expectation: inf s