
Playing the asymmetric EigenGame (Variant b, rmsprop)...
Time taken: 238.40755772590637s
EigenVectors obtained through EigenGame:
[[ 0.379 -0.203  0.576  0.011  0.278  0.375  0.515]
 [ 0.379 -0.219 -0.189  0.559  0.166 -0.624  0.196]
 [ 0.375  0.272  0.407  0.042 -0.76  -0.179 -0.082]
 [ 0.377  0.426 -0.189 -0.656  0.255 -0.313  0.206]
 [ 0.38  -0.601  0.081 -0.331  0.074 -0.046 -0.606]
 [ 0.377 -0.159 -0.651  0.013 -0.352  0.477  0.226]
 [ 0.377  0.519 -0.014  0.382  0.35   0.331 -0.478]]
EigenVectors obtained through numpy:
[[ 0.379 -0.207  0.574  0.01   0.274  0.381  0.514]
 [ 0.379 -0.223 -0.192  0.558  0.161 -0.624  0.21 ]
 [ 0.375  0.268  0.403  0.033 -0.764 -0.185 -0.075]
 [ 0.377  0.422 -0.193 -0.658  0.258 -0.312  0.214]
 [ 0.38  -0.605  0.079 -0.332  0.075 -0.057 -0.603]
 [ 0.377 -0.163 -0.654  0.009 -0.355  0.479  0.22 ]
 [ 0.377  0.515 -0.018  0.38   0.343  0.319 -0.477]]
Learning Rate : 0.01
Distance measure: 0.032
Time taken to converge as per expectation: inf s