
Playing the asymmetric EigenGame (Variant a, rmsprop)...
Time taken: 187.91095876693726s
EigenVectors obtained through EigenGame:
[[ 0.361 -0.194 -0.509  0.305  0.223  0.306  0.57 ]
 [ 0.372 -0.209  0.44   0.394  0.151 -0.629  0.096]
 [ 0.378  0.282 -0.347  0.253 -0.766 -0.166 -0.152]
 [ 0.37   0.435 -0.189 -0.644  0.248 -0.335  0.134]
 [ 0.401 -0.589 -0.252 -0.219  0.086  0.056 -0.627]
 [ 0.369 -0.149  0.537 -0.333 -0.404  0.43   0.263]
 [ 0.394  0.529  0.199  0.337  0.33   0.426 -0.404]]
EigenVectors obtained through numpy:
[[ 0.379 -0.207 -0.574  0.01   0.274  0.381  0.514]
 [ 0.379 -0.223  0.192  0.558  0.161 -0.624  0.21 ]
 [ 0.375  0.268 -0.403  0.033 -0.764 -0.185 -0.075]
 [ 0.377  0.422  0.193 -0.658  0.258 -0.312  0.214]
 [ 0.38  -0.605 -0.079 -0.332  0.075 -0.057 -0.603]
 [ 0.377 -0.163  0.654  0.009 -0.355  0.479  0.22 ]
 [ 0.377  0.515  0.018  0.38   0.343  0.319 -0.477]]
Learning Rate : 0.05
Distance measure: 0.813
Time taken to converge as per expectation: inf s