
Playing the asymmetric EigenGame (Variant a, momentum)...
Time taken: 174.6710877418518s
EigenVectors obtained through EigenGame:
[[ 0.379  0.034 -0.51   0.132  0.093 -0.499  0.564]
 [ 0.379  0.187  0.499 -0.431  0.608 -0.149  0.045]
 [ 0.375 -0.356 -0.111  0.2    0.282  0.741  0.221]
 [ 0.377 -0.289 -0.112 -0.689 -0.522  0.05  -0.031]
 [ 0.38   0.602 -0.419  0.042  0.027  0.175 -0.537]
 [ 0.377  0.339  0.522  0.365 -0.518  0.064  0.263]
 [ 0.377 -0.525  0.133  0.384  0.028 -0.376 -0.522]]
EigenVectors obtained through numpy:
[[ 0.379  0.207 -0.574  0.381  0.01  -0.274  0.514]
 [ 0.379  0.223  0.192 -0.624  0.558 -0.161  0.21 ]
 [ 0.375 -0.268 -0.403 -0.185  0.033  0.764 -0.075]
 [ 0.377 -0.422  0.193 -0.312 -0.658 -0.258  0.214]
 [ 0.38   0.605 -0.079 -0.057 -0.332 -0.075 -0.603]
 [ 0.377  0.163  0.654  0.479  0.009  0.355  0.22 ]
 [ 0.377 -0.515  0.018  0.319  0.38  -0.343 -0.477]]
Learning Rate : 1e-07
Distance measure: 1.425
Time taken to converge as per expectation: inf s