
Playing the asymmetric EigenGame (Variant c)...
Time taken: 98.44545793533325s
EigenVectors obtained through EigenGame:
[[-0.448 -0.564  0.445 -0.472 -0.245]
 [-0.449  0.661 -0.141 -0.569  0.137]
 [-0.443 -0.397 -0.417  0.154  0.67 ]
 [-0.447  0.297  0.604  0.576  0.123]
 [-0.449 -0.001 -0.493  0.314 -0.676]]
EigenVectors obtained through numpy:
[[-0.448 -0.603  0.382 -0.48  -0.243]
 [-0.449  0.669 -0.094 -0.568  0.14 ]
 [-0.443 -0.357 -0.447  0.168  0.67 ]
 [-0.447  0.242  0.641  0.563  0.121]
 [-0.449  0.044 -0.484  0.321 -0.677]]
Learning Rate : 15
Distance measure: 0.131
Time taken to converge as per expectation: inf s