
Playing the asymmetric EigenGame (Variant c, rmsprop)...
Time taken: 209.67354893684387s
EigenVectors obtained through EigenGame:
[[ 0.379  0.207 -0.572  0.04  -0.274  0.367 -0.524]
 [ 0.379  0.223  0.222  0.546 -0.163 -0.629 -0.193]
 [ 0.375 -0.268 -0.401  0.058  0.764 -0.182  0.08 ]
 [ 0.377 -0.422  0.157 -0.668 -0.254 -0.318 -0.205]
 [ 0.38   0.605 -0.097 -0.328 -0.074 -0.041  0.605]
 [ 0.377  0.163  0.654 -0.024  0.354  0.473 -0.233]
 [ 0.377 -0.515  0.039  0.377 -0.345  0.332  0.469]]
EigenVectors obtained through numpy:
[[ 0.379  0.207 -0.574  0.01  -0.274  0.381 -0.514]
 [ 0.379  0.223  0.192  0.558 -0.161 -0.624 -0.21 ]
 [ 0.375 -0.268 -0.403  0.033  0.764 -0.185  0.075]
 [ 0.377 -0.422  0.193 -0.658 -0.258 -0.312 -0.214]
 [ 0.38   0.605 -0.079 -0.332 -0.075 -0.057  0.603]
 [ 0.377  0.163  0.654  0.009  0.355  0.479 -0.22 ]
 [ 0.377 -0.515  0.018  0.38  -0.343  0.319  0.477]]
Learning Rate : 0.0005
Distance measure: 0.085
Time taken to converge as per expectation: inf s