
Playing the asymmetric EigenGame (Variant a, momentum)...
Time taken: 172.14276790618896s
EigenVectors obtained through EigenGame:
[[-0.262  0.075  0.193 -0.669 -0.476 -0.466  0.405]
 [-0.327  0.109 -0.366  0.007  0.293 -0.528 -0.485]
 [-0.383 -0.348  0.372 -0.447  0.204  0.385 -0.339]
 [-0.324 -0.515 -0.232  0.318 -0.681  0.145 -0.051]
 [-0.499  0.526  0.139  0.268 -0.337 -0.063 -0.032]
 [-0.322  0.05  -0.786 -0.376  0.039  0.316  0.419]
 [-0.47  -0.563  0.002  0.197  0.261 -0.482  0.554]]
EigenVectors obtained through numpy:
[[-0.379  0.207  0.574 -0.514  0.01  -0.274  0.381]
 [-0.379  0.223 -0.192 -0.21   0.558 -0.161 -0.624]
 [-0.375 -0.268  0.403  0.075  0.033  0.764 -0.185]
 [-0.377 -0.422 -0.193 -0.214 -0.658 -0.258 -0.312]
 [-0.38   0.605  0.079  0.603 -0.332 -0.075 -0.057]
 [-0.377  0.163 -0.654 -0.22   0.009  0.355  0.479]
 [-0.377 -0.515 -0.018  0.477  0.38  -0.343  0.319]]
Learning Rate : 0.001
Distance measure: 1.474
Time taken to converge as per expectation: inf s