
Playing the asymmetric EigenGame (Variant b, rmsprop)...
Time taken: 259.47180914878845s
EigenVectors obtained through EigenGame:
[[ 0.379  0.205  0.384 -0.422  0.275  0.416  0.488]
 [ 0.379  0.221 -0.539 -0.234  0.177 -0.606  0.252]
 [ 0.375 -0.27   0.233 -0.33  -0.761 -0.19  -0.062]
 [ 0.377 -0.425  0.356  0.594  0.244 -0.294  0.236]
 [ 0.38   0.602  0.298  0.17   0.068 -0.097 -0.597]
 [ 0.377  0.16  -0.457  0.469 -0.354  0.494  0.189]
 [ 0.377 -0.517 -0.288 -0.237  0.353  0.288 -0.496]]
EigenVectors obtained through numpy:
[[ 0.379  0.207 -0.01  -0.574  0.274  0.381  0.514]
 [ 0.379  0.223 -0.558  0.192  0.161 -0.624  0.21 ]
 [ 0.375 -0.268 -0.033 -0.403 -0.764 -0.185 -0.075]
 [ 0.377 -0.422  0.658  0.193  0.258 -0.312  0.214]
 [ 0.38   0.605  0.332 -0.079  0.075 -0.057 -0.603]
 [ 0.377  0.163 -0.009  0.654 -0.355  0.479  0.22 ]
 [ 0.377 -0.515 -0.38   0.018  0.343  0.319 -0.477]]
Learning Rate : 0.005
Distance measure: 1.034
Time taken to converge as per expectation: inf s