
Playing the asymmetric EigenGame (Variant c, momentum)...
Time taken: 193.18191194534302s
EigenVectors obtained through EigenGame:
[[ 0.379 -0.125  0.342 -0.778  0.139 -0.303 -0.088]
 [ 0.379 -0.269 -0.306  0.32   0.128 -0.634  0.407]
 [ 0.375 -0.291  0.231  0.382  0.576  0.254 -0.426]
 [ 0.377  0.682  0.509  0.273 -0.115 -0.066  0.211]
 [ 0.38  -0.411  0.084 -0.037 -0.361  0.568  0.467]
 [ 0.377 -0.022 -0.205  0.093 -0.641 -0.131 -0.617]
 [ 0.377  0.439 -0.654 -0.249  0.279  0.312  0.036]]
EigenVectors obtained through numpy:
[[ 0.379 -0.207 -0.01  -0.381  0.574 -0.514  0.274]
 [ 0.379 -0.223 -0.558  0.624 -0.192 -0.21   0.161]
 [ 0.375  0.268 -0.033  0.185  0.403  0.075 -0.764]
 [ 0.377  0.422  0.658  0.312 -0.193 -0.214  0.258]
 [ 0.38  -0.605  0.332  0.057  0.079  0.603  0.075]
 [ 0.377 -0.163 -0.009 -0.479 -0.654 -0.22  -0.355]
 [ 0.377  0.515 -0.38  -0.319 -0.018  0.477  0.343]]
Learning Rate : 1e-08
Distance measure: 1.757
Time taken to converge as per expectation: inf s