
Playing the asymmetric EigenGame (Variant b, momentum)...
Time taken: 229.6666009426117s
EigenVectors obtained through EigenGame:
[[-0.379  0.374 -0.009  0.111 -0.806  0.147  0.198]
 [-0.379  0.173 -0.644  0.06   0.222 -0.558  0.219]
 [-0.376 -0.443  0.112 -0.584 -0.253 -0.323 -0.377]
 [-0.377 -0.212  0.275 -0.259  0.26   0.219  0.736]
 [-0.381  0.558  0.004 -0.306  0.38   0.395 -0.391]
 [-0.376  0.063  0.614  0.544  0.155 -0.362 -0.161]
 [-0.378 -0.523 -0.347  0.432  0.038  0.477 -0.226]]
EigenVectors obtained through numpy:
[[-0.379  0.207 -0.01   0.381 -0.574  0.274  0.514]
 [-0.379  0.223 -0.558 -0.624  0.192  0.161  0.21 ]
 [-0.375 -0.268 -0.033 -0.185 -0.403 -0.764 -0.075]
 [-0.377 -0.422  0.658 -0.312  0.193  0.258  0.214]
 [-0.38   0.605  0.332 -0.057 -0.079  0.075 -0.603]
 [-0.377  0.163 -0.009  0.479  0.654 -0.355  0.22 ]
 [-0.377 -0.515 -0.38   0.319  0.018  0.343 -0.477]]
Learning Rate : 5e-07
Distance measure: 1.918
Time taken to converge as per expectation: inf s