
Playing the asymmetric EigenGame (Variant c, adagrad)...
Time taken: 239.75023412704468s
EigenVectors obtained through EigenGame:
[[ 0.379  0.089  0.529 -0.23   0.015 -0.151 -0.702]
 [ 0.379  0.288 -0.606  0.205 -0.532 -0.175 -0.245]
 [ 0.375  0.11   0.394  0.78   0.069 -0.056  0.268]
 [ 0.377 -0.083  0.105 -0.188 -0.322  0.822  0.14 ]
 [ 0.38   0.605 -0.078 -0.399  0.389 -0.107  0.398]
 [ 0.377 -0.442 -0.417  0.131  0.629  0.151 -0.235]
 [ 0.377 -0.574  0.077 -0.292 -0.248 -0.483  0.377]]
EigenVectors obtained through numpy:
[[ 0.379  0.207  0.574 -0.274  0.381 -0.01  -0.514]
 [ 0.379  0.223 -0.192 -0.161 -0.624 -0.558 -0.21 ]
 [ 0.375 -0.268  0.403  0.764 -0.185 -0.033  0.075]
 [ 0.377 -0.422 -0.193 -0.258 -0.312  0.658 -0.214]
 [ 0.38   0.605  0.079 -0.075 -0.057  0.332  0.603]
 [ 0.377  0.163 -0.654  0.355  0.479 -0.009 -0.22 ]
 [ 0.377 -0.515 -0.018 -0.343  0.319 -0.38   0.477]]
Learning Rate : 0.5
Distance measure: 1.65
Time taken to converge as per expectation: inf s