
Playing the asymmetric EigenGame (Variant b, adagrad)...
Time taken: 214.89221692085266s
EigenVectors obtained through EigenGame:
[[ 0.452  0.373 -0.243 -0.424  0.575 -0.38  -0.178]
 [ 0.56  -0.515  0.133  0.103  0.017  0.071  0.49 ]
 [ 0.522  0.433 -0.353  0.323 -0.613  0.335  0.212]
 [ 0.123  0.098 -0.506 -0.366  0.112  0.374  0.415]
 [ 0.126  0.39   0.226 -0.45  -0.415 -0.399 -0.604]
 [ 0.107 -0.462  0.614  0.54   0.328  0.504  0.085]
 [ 0.409  0.179  0.338  0.279  0.037 -0.431 -0.373]]
EigenVectors obtained through numpy:
[[ 0.379  0.574  0.207  0.01   0.514 -0.274 -0.381]
 [ 0.379 -0.192  0.223  0.558  0.21  -0.161  0.624]
 [ 0.375  0.403 -0.268  0.033 -0.075  0.764  0.185]
 [ 0.377 -0.193 -0.422 -0.658  0.214 -0.258  0.312]
 [ 0.38   0.079  0.605 -0.332 -0.603 -0.075  0.057]
 [ 0.377 -0.654  0.163  0.009  0.22   0.355 -0.479]
 [ 0.377 -0.018 -0.515  0.38  -0.477 -0.343 -0.319]]
Learning Rate : 0.01
Distance measure: 2.258
Time taken to converge as per expectation: inf s