
Playing the asymmetric EigenGame (Variant a, adagrad)...
Time taken: 96.48817205429077s
EigenVectors obtained through EigenGame:
[[ 0.448  0.602  0.395  0.47   0.243]
 [ 0.449 -0.669 -0.081  0.57  -0.14 ]
 [ 0.443  0.358 -0.45  -0.157 -0.67 ]
 [ 0.447 -0.243  0.626 -0.578 -0.121]
 [ 0.449 -0.043 -0.492 -0.309  0.677]]
EigenVectors obtained through numpy:
[[ 0.448  0.603  0.382  0.48   0.243]
 [ 0.449 -0.669 -0.094  0.568 -0.14 ]
 [ 0.443  0.357 -0.447 -0.168 -0.67 ]
 [ 0.447 -0.242  0.641 -0.563 -0.121]
 [ 0.449 -0.044 -0.484 -0.321  0.677]]
Learning Rate : 20
Distance measure: 0.034
Time taken to converge as per expectation: inf s