
Playing the asymmetric EigenGame (Variant c, rmsprop)...
Time taken: 212.87742471694946s
EigenVectors obtained through EigenGame:
[[ 0.381 -0.209  0.566 -0.103 -0.276 -0.329 -0.548]
 [ 0.379 -0.225 -0.277 -0.521 -0.164  0.64  -0.145]
 [ 0.375  0.266  0.394 -0.1    0.762  0.175  0.095]
 [ 0.377  0.42  -0.083  0.679 -0.258  0.33  -0.18 ]
 [ 0.378 -0.606  0.133  0.314 -0.076 -0.005  0.607]
 [ 0.378 -0.164 -0.646  0.093  0.352 -0.456 -0.266]
 [ 0.377  0.513 -0.077 -0.374 -0.345 -0.367  0.445]]
EigenVectors obtained through numpy:
[[ 0.379 -0.207  0.574 -0.01  -0.274 -0.381 -0.514]
 [ 0.379 -0.223 -0.192 -0.558 -0.161  0.624 -0.21 ]
 [ 0.375  0.268  0.403 -0.033  0.764  0.185  0.075]
 [ 0.377  0.422 -0.193  0.658 -0.258  0.312 -0.214]
 [ 0.38  -0.605  0.079  0.332 -0.075  0.057  0.603]
 [ 0.377 -0.163 -0.654 -0.009  0.355 -0.479 -0.22 ]
 [ 0.377  0.515 -0.018 -0.38  -0.343 -0.319  0.477]]
Learning Rate : 0.005
Distance measure: 0.268
Time taken to converge as per expectation: inf s