
Playing the asymmetric EigenGame (Variant c, adagrad)...
Time taken: 444.0519359111786s
EigenVectors obtained through EigenGame:
[[-0.315  0.374  0.277 -0.246 -0.026 -0.016 -0.694  0.324  0.2    0.008]
 [-0.316  0.478 -0.08  -0.299 -0.32  -0.431  0.377 -0.241 -0.015 -0.293]
 [-0.317 -0.09  -0.073  0.199  0.379 -0.159 -0.207 -0.675  0.406  0.092]
 [-0.32  -0.222  0.598 -0.095 -0.007  0.258 -0.013 -0.318 -0.526 -0.191]
 [-0.315  0.336 -0.312 -0.228  0.355  0.399  0.193  0.016 -0.273  0.488]
 [-0.317 -0.435 -0.07  -0.053 -0.015 -0.629 -0.05   0.236 -0.288  0.409]
 [-0.317 -0.478 -0.118 -0.471  0.119  0.222  0.224  0.24   0.417 -0.308]
 [-0.315 -0.155 -0.474  0.23  -0.643  0.316 -0.267 -0.116 -0.077 -0.018]
 [-0.315  0.083  0.424  0.436 -0.229  0.114  0.414  0.205  0.37   0.327]
 [-0.315  0.117 -0.18   0.531  0.384 -0.073  0.021  0.334 -0.209 -0.511]]
EigenVectors obtained through numpy:
[[-0.315  0.224  0.461  0.052  0.003 -0.061 -0.703  0.315  0.198 -0.005]
 [-0.316  0.501  0.354 -0.133 -0.426 -0.036  0.415 -0.291  0.069 -0.247]
 [-0.317 -0.087 -0.183  0.088  0.092 -0.562  0.36   0.577  0.176 -0.182]
 [-0.32  -0.465  0.388  0.044  0.256  0.188  0.09  -0.028 -0.49  -0.423]
 [-0.315  0.5   -0.12  -0.094  0.529  0.061  0.112  0.037 -0.405  0.407]
 [-0.317 -0.323 -0.084 -0.315 -0.448 -0.378 -0.176 -0.154 -0.342  0.416]
 [-0.317 -0.22  -0.102 -0.603  0.322  0.162  0.004 -0.218  0.546 -0.025]
 [-0.315  0.066 -0.497 -0.029 -0.376  0.581 -0.093  0.342 -0.103 -0.185]
 [-0.315 -0.25   0.184  0.531 -0.073  0.28   0.261 -0.038  0.303  0.526]
 [-0.315  0.066 -0.407  0.464  0.117 -0.232 -0.275 -0.54   0.054 -0.277]]
Learning Rate : 5
Distance measure: 2.537
Time taken to converge as per expectation: inf s