
Playing the asymmetric EigenGame (Variant a, rmsprop)...
Time taken: 191.87507462501526s
EigenVectors obtained through EigenGame:
[[ 0.382 -0.21  -0.57   0.033 -0.278 -0.415  0.487]
 [ 0.381 -0.226  0.155 -0.567 -0.164  0.609  0.258]
 [ 0.375  0.265 -0.402 -0.001  0.761  0.192 -0.059]
 [ 0.379  0.419  0.242  0.645 -0.261  0.298  0.239]
 [ 0.376 -0.608 -0.052  0.34  -0.079  0.105 -0.595]
 [ 0.379 -0.166  0.654 -0.052  0.351 -0.492  0.187]
 [ 0.374  0.512 -0.007 -0.378 -0.346 -0.279 -0.497]]
EigenVectors obtained through numpy:
[[ 0.379 -0.207 -0.574 -0.01  -0.274 -0.381  0.514]
 [ 0.379 -0.223  0.192 -0.558 -0.161  0.624  0.21 ]
 [ 0.375  0.268 -0.403 -0.033  0.764  0.185 -0.075]
 [ 0.377  0.422  0.193  0.658 -0.258  0.312  0.214]
 [ 0.38  -0.605 -0.079  0.332 -0.075  0.057 -0.603]
 [ 0.377 -0.163  0.654 -0.009  0.355 -0.479  0.22 ]
 [ 0.377  0.515  0.018 -0.38  -0.343 -0.319 -0.477]]
Learning Rate : 0.01
Distance measure: 0.147
Time taken to converge as per expectation: inf s