
Playing the asymmetric EigenGame (Variant c, adagrad)...
Time taken: 183.90399479866028s
EigenVectors obtained through EigenGame:
[[ 0.379  0.207 -0.556  0.134 -0.312  0.343 -0.522]
 [ 0.379  0.223  0.029 -0.595 -0.07  -0.638 -0.198]
 [ 0.375 -0.268 -0.392  0.117  0.776 -0.109  0.08 ]
 [ 0.377 -0.422  0.366  0.567 -0.255 -0.341 -0.209]
 [ 0.38   0.605  0.015  0.337 -0.088 -0.054  0.604]
 [ 0.377  0.163  0.628 -0.172  0.312  0.507 -0.228]
 [ 0.377 -0.515 -0.089 -0.387 -0.356  0.294  0.471]]
EigenVectors obtained through numpy:
[[ 0.379  0.207 -0.574 -0.01  -0.274  0.381 -0.514]
 [ 0.379  0.223  0.192 -0.558 -0.161 -0.624 -0.21 ]
 [ 0.375 -0.268 -0.403 -0.033  0.764 -0.185  0.075]
 [ 0.377 -0.422  0.193  0.658 -0.258 -0.312 -0.214]
 [ 0.38   0.605 -0.079  0.332 -0.075 -0.057  0.603]
 [ 0.377  0.163  0.654 -0.009  0.355  0.479 -0.22 ]
 [ 0.377 -0.515  0.018 -0.38  -0.343  0.319  0.477]]
Learning Rate : 45
Distance measure: 0.424
Time taken to converge as per expectation: inf s