
Playing the asymmetric EigenGame (Variant c, adagrad)...
Time taken: 187.77906894683838s
EigenVectors obtained through EigenGame:
[[-0.379 -0.228  0.552  0.037  0.299  0.416  0.487]
 [-0.379 -0.219 -0.113 -0.597  0.078 -0.609  0.249]
 [-0.375  0.252  0.435  0.14  -0.74  -0.193 -0.06 ]
 [-0.377  0.433 -0.287  0.576  0.338 -0.295  0.233]
 [-0.38  -0.605  0.     0.327  0.122 -0.096 -0.598]
 [-0.377 -0.138 -0.639 -0.059 -0.386  0.491  0.19 ]
 [-0.377  0.513  0.052 -0.424  0.283  0.288 -0.499]]
EigenVectors obtained through numpy:
[[-0.379 -0.207  0.574 -0.01   0.274  0.381  0.514]
 [-0.379 -0.223 -0.192 -0.558  0.161 -0.624  0.21 ]
 [-0.375  0.268  0.403 -0.033 -0.764 -0.185 -0.075]
 [-0.377  0.422 -0.193  0.658  0.258 -0.312  0.214]
 [-0.38  -0.605  0.079  0.332  0.075 -0.057 -0.603]
 [-0.377 -0.163 -0.654 -0.009 -0.355  0.479  0.22 ]
 [-0.377  0.515 -0.018 -0.38   0.343  0.319 -0.477]]
Learning Rate : 35
Distance measure: 0.323
Time taken to converge as per expectation: inf s