
Playing the asymmetric EigenGame (Variant c, momentum)...
Time taken: 194.0274052619934s
EigenVectors obtained through EigenGame:
[[ 0.378 -0.503 -0.292 -0.483 -0.377 -0.274 -0.261]
 [ 0.379  0.18   0.615 -0.243 -0.419  0.454  0.122]
 [ 0.376  0.039 -0.493 -0.241  0.431  0.53   0.306]
 [ 0.377  0.737 -0.131 -0.062  0.062 -0.267 -0.457]
 [ 0.38   0.102 -0.053  0.255 -0.146 -0.493  0.717]
 [ 0.377 -0.329  0.501  0.012  0.657 -0.22  -0.149]
 [ 0.378 -0.226 -0.151  0.762 -0.198  0.275 -0.281]]
EigenVectors obtained through numpy:
[[ 0.379 -0.381 -0.574 -0.514 -0.274  0.01   0.207]
 [ 0.379  0.624  0.192 -0.21  -0.161  0.558  0.223]
 [ 0.375  0.185 -0.403  0.075  0.764  0.033 -0.268]
 [ 0.377  0.312  0.193 -0.214 -0.258 -0.658 -0.422]
 [ 0.38   0.057 -0.079  0.603 -0.075 -0.332  0.605]
 [ 0.377 -0.479  0.654 -0.22   0.355  0.009  0.163]
 [ 0.377 -0.319  0.018  0.477 -0.343  0.38  -0.515]]
Learning Rate : 1e-08
Distance measure: 1.722
Time taken to converge as per expectation: inf s