
Playing the asymmetric EigenGame (Variant a, adagrad)...
Time taken: 190.50232601165771s
EigenVectors obtained through EigenGame:
[[ 0.382  0.198  0.575  0.014  0.267 -0.405  0.498]
 [ 0.381  0.214 -0.19   0.56   0.163  0.612  0.234]
 [ 0.375 -0.277  0.404  0.02  -0.762  0.2   -0.068]
 [ 0.379 -0.431 -0.192 -0.653  0.273  0.299  0.226]
 [ 0.376  0.596  0.08  -0.331  0.082  0.08  -0.601]
 [ 0.379  0.154 -0.653  0.004 -0.362 -0.481  0.201]
 [ 0.374 -0.524 -0.017  0.386  0.332 -0.305 -0.49 ]]
EigenVectors obtained through numpy:
[[ 0.379  0.207  0.574  0.01   0.274 -0.381  0.514]
 [ 0.379  0.223 -0.192  0.558  0.161  0.624  0.21 ]
 [ 0.375 -0.268  0.403  0.033 -0.764  0.185 -0.075]
 [ 0.377 -0.422 -0.193 -0.658  0.258  0.312  0.214]
 [ 0.38   0.605  0.079 -0.332  0.075  0.057 -0.603]
 [ 0.377  0.163 -0.654  0.009 -0.355 -0.479  0.22 ]
 [ 0.377 -0.515 -0.018  0.38   0.343 -0.319 -0.477]]
Learning Rate : 45
Distance measure: 0.068
Time taken to converge as per expectation: inf s