
Playing the asymmetric EigenGame (Variant c, adagrad)...
Time taken: 466.83554005622864s
EigenVectors obtained through EigenGame:
[[-0.315 -0.217  0.155  0.409  0.117  0.09   0.481 -0.376  0.455 -0.25 ]
 [-0.316 -0.497  0.23   0.098  0.465  0.243 -0.394  0.393 -0.07  -0.029]
 [-0.317  0.084 -0.166 -0.109 -0.318  0.392  0.491  0.565 -0.145 -0.128]
 [-0.32   0.471  0.158  0.431 -0.046 -0.206 -0.121  0.282  0.258  0.511]
 [-0.315 -0.501  0.096  0.041 -0.485 -0.221  0.046 -0.232 -0.376  0.397]
 [-0.317  0.322  0.183 -0.378  0.223  0.509  0.002 -0.442 -0.146  0.309]
 [-0.317  0.221  0.532 -0.241 -0.294 -0.25  -0.243 -0.003  0.004 -0.547]
 [-0.315 -0.073 -0.213 -0.523  0.385 -0.556  0.268  0.106  0.166  0.108]
 [-0.315  0.252 -0.396  0.373  0.248 -0.171 -0.056 -0.166 -0.573 -0.301]
 [-0.315 -0.073 -0.586 -0.104 -0.293  0.167 -0.471 -0.134  0.427 -0.075]]
EigenVectors obtained through numpy:
[[-0.315 -0.224 -0.052  0.461 -0.003  0.061  0.315 -0.703  0.005 -0.198]
 [-0.316 -0.501  0.133  0.354  0.426  0.036 -0.291  0.415  0.247 -0.069]
 [-0.317  0.087 -0.088 -0.183 -0.092  0.562  0.577  0.36   0.182 -0.176]
 [-0.32   0.465 -0.044  0.388 -0.256 -0.188 -0.028  0.09   0.423  0.49 ]
 [-0.315 -0.5    0.094 -0.12  -0.529 -0.061  0.037  0.112 -0.407  0.405]
 [-0.317  0.323  0.315 -0.084  0.448  0.378 -0.154 -0.176 -0.416  0.342]
 [-0.317  0.22   0.603 -0.102 -0.322 -0.162 -0.218  0.004  0.025 -0.546]
 [-0.315 -0.066  0.029 -0.497  0.376 -0.581  0.342 -0.093  0.185  0.103]
 [-0.315  0.25  -0.531  0.184  0.073 -0.28  -0.038  0.261 -0.526 -0.303]
 [-0.315 -0.066 -0.464 -0.407 -0.117  0.232 -0.54  -0.275  0.277 -0.054]]
Learning Rate : 45
Distance measure: 1.472
Time taken to converge as per expectation: inf s