
Playing the asymmetric EigenGame (Variant b, rmsprop)...
Time taken: 304.40994000434875s
EigenVectors obtained through EigenGame:
[[ 0.379  0.174 -0.682  0.232 -0.443  0.134 -0.308]
 [ 0.379 -0.021 -0.088  0.502  0.416  0.326  0.567]
 [ 0.375 -0.61   0.446  0.116 -0.171  0.337 -0.368]
 [ 0.377  0.205  0.023 -0.754 -0.1    0.402  0.276]
 [ 0.38   0.479  0.208 -0.014  0.532 -0.124 -0.529]
 [ 0.377  0.269  0.422  0.191 -0.494 -0.483  0.295]
 [ 0.377 -0.503 -0.325 -0.276  0.254 -0.593  0.068]]
EigenVectors obtained through numpy:
[[ 0.379  0.207 -0.274  0.01  -0.514 -0.381 -0.574]
 [ 0.379  0.223 -0.161  0.558 -0.21   0.624  0.192]
 [ 0.375 -0.268  0.764  0.033  0.075  0.185 -0.403]
 [ 0.377 -0.422 -0.258 -0.658 -0.214  0.312  0.193]
 [ 0.38   0.605 -0.075 -0.332  0.603  0.057 -0.079]
 [ 0.377  0.163  0.355  0.009 -0.22  -0.479  0.654]
 [ 0.377 -0.515 -0.343  0.38   0.477 -0.319  0.018]]
Learning Rate : 5e-05
Distance measure: 1.821
Time taken to converge as per expectation: inf s