
Playing the asymmetric EigenGame (Variant a, adagrad)...
Time taken: 182.99793791770935s
EigenVectors obtained through EigenGame:
[[-0.379 -0.207 -0.573 -0.008 -0.277  0.223  0.598]
 [-0.379 -0.223  0.208 -0.539 -0.196 -0.658  0.031]
 [-0.375  0.268 -0.402 -0.097  0.76  -0.154 -0.122]
 [-0.377  0.422  0.173  0.679 -0.211 -0.36   0.12 ]
 [-0.38  -0.605 -0.089  0.334 -0.052  0.111 -0.596]
 [-0.377 -0.163  0.654 -0.014  0.352  0.401  0.344]
 [-0.377  0.515  0.029 -0.355 -0.369  0.437 -0.372]]
EigenVectors obtained through numpy:
[[-0.379 -0.207 -0.574 -0.01  -0.274  0.381  0.514]
 [-0.379 -0.223  0.192 -0.558 -0.161 -0.624  0.21 ]
 [-0.375  0.268 -0.403 -0.033  0.764 -0.185 -0.075]
 [-0.377  0.422  0.193  0.658 -0.258 -0.312  0.214]
 [-0.38  -0.605 -0.079  0.332 -0.075 -0.057 -0.603]
 [-0.377 -0.163  0.654 -0.009  0.355  0.479  0.22 ]
 [-0.377  0.515  0.018 -0.38  -0.343  0.319 -0.477]]
Learning Rate : 25
Distance measure: 0.407
Time taken to converge as per expectation: inf s