
Playing the asymmetric EigenGame (Variant a, rmsprop)...
Time taken: 204.93658089637756s
EigenVectors obtained through EigenGame:
[[-0.576 -0.188  0.228  0.599 -0.077 -0.413  0.145]
 [-0.433 -0.307  0.023  0.201 -0.614 -0.375 -0.75 ]
 [-0.296 -0.039 -0.393  0.497 -0.066  0.427 -0.423]
 [-0.434  0.176 -0.345 -0.262  0.228 -0.492 -0.431]
 [-0.052 -0.878 -0.221  0.123  0.097 -0.255 -0.19 ]
 [-0.436 -0.258 -0.026 -0.399 -0.545  0.082  0.083]
 [-0.108  0.003 -0.791  0.333 -0.505 -0.439  0.09 ]]
EigenVectors obtained through numpy:
[[-0.379 -0.207  0.514  0.574 -0.01  -0.274  0.381]
 [-0.379 -0.223  0.21  -0.192 -0.558 -0.161 -0.624]
 [-0.375  0.268 -0.075  0.403 -0.033  0.764 -0.185]
 [-0.377  0.422  0.214 -0.193  0.658 -0.258 -0.312]
 [-0.38  -0.605 -0.603  0.079  0.332 -0.075 -0.057]
 [-0.377 -0.163  0.22  -0.654 -0.009  0.355  0.479]
 [-0.377  0.515 -0.477 -0.018 -0.38  -0.343  0.319]]
Learning Rate : 1
Distance measure: 1.79
Time taken to converge as per expectation: inf s