
Playing the asymmetric EigenGame (Variant a, rmsprop)...
Time taken: 195.42383003234863s
EigenVectors obtained through EigenGame:
[[ 0.05  -0.448 -0.192 -0.306 -0.591 -0.391 -0.353]
 [-0.15  -0.381 -0.162 -0.434 -0.268 -0.479 -0.27 ]
 [-0.333 -0.383  0.353 -0.181 -0.356 -0.416 -0.157]
 [-0.145 -0.468  0.458 -0.34  -0.323 -0.14  -0.53 ]
 [-0.683 -0.156 -0.406 -0.286 -0.374 -0.267 -0.42 ]
 [-0.141 -0.39  -0.106 -0.517 -0.2   -0.369 -0.434]
 [-0.598 -0.333  0.652 -0.47  -0.41  -0.467 -0.363]]
EigenVectors obtained through numpy:
[[ 0.514 -0.379 -0.207 -0.381 -0.574 -0.01  -0.274]
 [ 0.21  -0.379 -0.223  0.624  0.192 -0.558 -0.161]
 [-0.075 -0.375  0.268  0.185 -0.403 -0.033  0.764]
 [ 0.214 -0.377  0.422  0.312  0.193  0.658 -0.258]
 [-0.603 -0.38  -0.605  0.057 -0.079  0.332 -0.075]
 [ 0.22  -0.377 -0.163 -0.479  0.654 -0.009  0.355]
 [-0.477 -0.377  0.515 -0.319  0.018 -0.38  -0.343]]
Learning Rate : 10
Distance measure: 2.692
Time taken to converge as per expectation: inf s