
Playing the asymmetric EigenGame (Variant a, momentum)...
Time taken: 177.8005359172821s
EigenVectors obtained through EigenGame:
[[ 0.379  0.325 -0.324 -0.428 -0.331 -0.371  0.467]
 [ 0.379  0.212 -0.315  0.56  -0.017  0.569  0.28 ]
 [ 0.375  0.304  0.21  -0.215  0.821 -0.007  0.002]
 [ 0.377 -0.433  0.591 -0.27  -0.23   0.355  0.27 ]
 [ 0.38  -0.347 -0.509 -0.336  0.004  0.199 -0.566]
 [ 0.377 -0.502 -0.022  0.476  0.139 -0.589  0.097]
 [ 0.377  0.443  0.378  0.213 -0.379 -0.159 -0.548]]
EigenVectors obtained through numpy:
[[ 0.379  0.01  -0.207 -0.574 -0.274 -0.381  0.514]
 [ 0.379  0.558 -0.223  0.192 -0.161  0.624  0.21 ]
 [ 0.375  0.033  0.268 -0.403  0.764  0.185 -0.075]
 [ 0.377 -0.658  0.422  0.193 -0.258  0.312  0.214]
 [ 0.38  -0.332 -0.605 -0.079 -0.075  0.057 -0.603]
 [ 0.377  0.009 -0.163  0.654  0.355 -0.479  0.22 ]
 [ 0.377  0.38   0.515  0.018 -0.343 -0.319 -0.477]]
Learning Rate : 1e-07
Distance measure: 1.213
Time taken to converge as per expectation: inf s