
Playing the asymmetric EigenGame (Variant a, momentum)...
Time taken: 197.2498459815979s
EigenVectors obtained through EigenGame:
[[-0.484 -0.092 -0.038 -0.044  0.549 -0.729 -0.11 ]
 [-0.417 -0.129  0.713 -0.237  0.063  0.157 -0.524]
 [-0.349  0.331 -0.037 -0.292  0.196  0.539  0.025]
 [-0.416  0.502 -0.144  0.487 -0.264 -0.09  -0.593]
 [-0.236 -0.558 -0.528 -0.397 -0.517 -0.063 -0.264]
 [-0.417 -0.07   0.422  0.354 -0.517 -0.187  0.44 ]
 [-0.261  0.545  0.104 -0.58  -0.226 -0.326  0.312]]
EigenVectors obtained through numpy:
[[-0.379 -0.207  0.01   0.514  0.574 -0.274  0.381]
 [-0.379 -0.223  0.558  0.21  -0.192 -0.161 -0.624]
 [-0.375  0.268  0.033 -0.075  0.403  0.764 -0.185]
 [-0.377  0.422 -0.658  0.214 -0.193 -0.258 -0.312]
 [-0.38  -0.605 -0.332 -0.603  0.079 -0.075 -0.057]
 [-0.377 -0.163  0.009  0.22  -0.654  0.355  0.479]
 [-0.377  0.515  0.38  -0.477 -0.018 -0.343  0.319]]
Learning Rate : 45
Distance measure: 1.735
Time taken to converge as per expectation: inf s