
Playing the asymmetric EigenGame (Variant a, rmsprop)...
Time taken: 186.2720410823822s
EigenVectors obtained through EigenGame:
[[ 0.381  0.208  0.549  0.165 -0.269  0.37   0.525]
 [ 0.38   0.224 -0.015 -0.588 -0.165 -0.627  0.194]
 [ 0.375 -0.267  0.391  0.09   0.765 -0.187 -0.079]
 [ 0.378 -0.421 -0.384  0.571 -0.258 -0.314  0.207]
 [ 0.378  0.606 -0.027  0.342 -0.074 -0.039 -0.603]
 [ 0.378  0.164 -0.623 -0.204  0.358  0.472  0.235]
 [ 0.376 -0.514  0.097 -0.366 -0.34   0.336 -0.467]]
EigenVectors obtained through numpy:
[[ 0.379  0.207  0.574 -0.01  -0.274  0.381  0.514]
 [ 0.379  0.223 -0.192 -0.558 -0.161 -0.624  0.21 ]
 [ 0.375 -0.268  0.403 -0.033  0.764 -0.185 -0.075]
 [ 0.377 -0.422 -0.193  0.658 -0.258 -0.312  0.214]
 [ 0.38   0.605  0.079  0.332 -0.075 -0.057 -0.603]
 [ 0.377  0.163 -0.654 -0.009  0.355  0.479  0.22 ]
 [ 0.377 -0.515 -0.018 -0.38  -0.343  0.319 -0.477]]
Learning Rate : 0.005
Distance measure: 0.433
Time taken to converge as per expectation: inf s