
Playing the asymmetric EigenGame (Variant a, momentum)...
Time taken: 182.40324306488037s
EigenVectors obtained through EigenGame:
[[-0.379 -0.29   0.075 -0.63  -0.074  0.476  0.192]
 [-0.379 -0.306  0.476  0.049 -0.482 -0.608  0.228]
 [-0.375  0.173 -0.095 -0.339  0.63  -0.601 -0.136]
 [-0.377  0.322 -0.699  0.026 -0.45  -0.146  0.357]
 [-0.38  -0.677 -0.486 -0.169 -0.008 -0.028 -0.2  ]
 [-0.377 -0.247 -0.083  0.633  0.098  0.108 -0.419]
 [-0.377  0.412  0.164 -0.238 -0.392  0.093 -0.741]]
EigenVectors obtained through numpy:
[[-0.379 -0.207  0.01  -0.574 -0.274  0.381  0.514]
 [-0.379 -0.223  0.558  0.192 -0.161 -0.624  0.21 ]
 [-0.375  0.268  0.033 -0.403  0.764 -0.185 -0.075]
 [-0.377  0.422 -0.658  0.193 -0.258 -0.312  0.214]
 [-0.38  -0.605 -0.332 -0.079 -0.075 -0.057 -0.603]
 [-0.377 -0.163  0.009  0.654  0.355  0.479  0.22 ]
 [-0.377  0.515  0.38   0.018 -0.343  0.319 -0.477]]
Learning Rate : 0.0001
Distance measure: 1.316
Time taken to converge as per expectation: inf s