
Playing the asymmetric EigenGame (Variant b, adagrad)...
Time taken: 224.18753099441528s
EigenVectors obtained through EigenGame:
[[ 0.379 -0.207  0.571  0.058  0.275 -0.381  0.513]
 [ 0.379 -0.223 -0.236  0.542  0.155  0.624  0.211]
 [ 0.375  0.268  0.4    0.059 -0.765  0.183 -0.075]
 [ 0.377  0.422 -0.139 -0.669  0.262  0.312  0.215]
 [ 0.38  -0.605  0.106 -0.324  0.078  0.059 -0.603]
 [ 0.377 -0.163 -0.652 -0.046 -0.353 -0.481  0.219]
 [ 0.377  0.515 -0.049  0.38   0.341 -0.317 -0.478]]
EigenVectors obtained through numpy:
[[ 0.379 -0.207  0.574  0.01   0.274 -0.381  0.514]
 [ 0.379 -0.223 -0.192  0.558  0.161  0.624  0.21 ]
 [ 0.375  0.268  0.403  0.033 -0.764  0.185 -0.075]
 [ 0.377  0.422 -0.193 -0.658  0.258  0.312  0.214]
 [ 0.38  -0.605  0.079 -0.332  0.075  0.057 -0.603]
 [ 0.377 -0.163 -0.654  0.009 -0.355 -0.479  0.22 ]
 [ 0.377  0.515 -0.018  0.38   0.343 -0.319 -0.477]]
Learning Rate : 35
Distance measure: 0.115
Time taken to converge as per expectation: inf s