
Playing the asymmetric EigenGame (Variant c, adagrad)...
Time taken: 188.05008506774902s
EigenVectors obtained through EigenGame:
[[0.545 0.535 0.475 0.479 0.448 0.032 0.492]
 [0.038 0.055 0.103 0.228 0.544 0.259 0.162]
 [0.613 0.347 0.648 0.441 0.214 0.584 0.606]
 [0.179 0.404 0.437 0.37  0.445 0.49  0.233]
 [0.415 0.256 0.08  0.272 0.115 0.122 0.203]
 [0.155 0.006 0.284 0.458 0.449 0.461 0.434]
 [0.311 0.601 0.258 0.323 0.212 0.35  0.284]]
EigenVectors obtained through numpy:
[[ 0.574  0.207 -0.01   0.379  0.514 -0.274  0.381]
 [-0.192  0.223 -0.558  0.379  0.21  -0.161 -0.624]
 [ 0.403 -0.268 -0.033  0.375 -0.075  0.764 -0.185]
 [-0.193 -0.422  0.658  0.377  0.214 -0.258 -0.312]
 [ 0.079  0.605  0.332  0.38  -0.603 -0.075 -0.057]
 [-0.654  0.163 -0.009  0.377  0.22   0.355  0.479]
 [-0.018 -0.515 -0.38   0.377 -0.477 -0.343  0.319]]
Learning Rate : 5e-08
Distance measure: 3.132
Time taken to converge as per expectation: inf s