
Playing the asymmetric EigenGame (Variant a, adagrad)...
Time taken: 176.5210988521576s
EigenVectors obtained through EigenGame:
[[ 0.379 -0.207 -0.574  0.041 -0.117 -0.584  0.359]
 [ 0.379 -0.223  0.182  0.531 -0.297  0.491  0.402]
 [ 0.375  0.268 -0.404 -0.037  0.67   0.413  0.013]
 [ 0.377  0.422  0.205 -0.653 -0.354  0.092  0.278]
 [ 0.38  -0.605 -0.073 -0.33  -0.142  0.195 -0.564]
 [ 0.377 -0.163  0.653  0.026  0.493 -0.397  0.07 ]
 [ 0.377  0.515  0.011  0.422 -0.245 -0.21  -0.556]]
EigenVectors obtained through numpy:
[[ 0.379 -0.207 -0.574  0.01  -0.274 -0.381  0.514]
 [ 0.379 -0.223  0.192  0.558 -0.161  0.624  0.21 ]
 [ 0.375  0.268 -0.403  0.033  0.764  0.185 -0.075]
 [ 0.377  0.422  0.193 -0.658 -0.258  0.312  0.214]
 [ 0.38  -0.605 -0.079 -0.332 -0.075  0.057 -0.603]
 [ 0.377 -0.163  0.654  0.009  0.355 -0.479  0.22 ]
 [ 0.377  0.515  0.018  0.38  -0.343 -0.319 -0.477]]
Learning Rate : 1
Distance measure: 0.634
Time taken to converge as per expectation: inf s