
Playing the asymmetric EigenGame (Variant a, momentum)...
Time taken: 170.1806960105896s
EigenVectors obtained through EigenGame:
[[-0.484 -0.092 -0.306  0.367  0.039  0.165 -0.74 ]
 [-0.417 -0.129  0.322  0.089  0.588  0.154  0.441]
 [-0.349  0.331 -0.244 -0.246  0.336 -0.601 -0.165]
 [-0.416  0.502  0.444  0.425 -0.44  -0.069  0.014]
 [-0.236 -0.558 -0.256 -0.427 -0.495 -0.12   0.01 ]
 [-0.417 -0.07   0.677 -0.401  0.256  0.201 -0.451]
 [-0.261  0.545 -0.145 -0.523  0.188  0.727  0.164]]
EigenVectors obtained through numpy:
[[-0.379 -0.207 -0.574  0.514  0.01   0.274 -0.381]
 [-0.379 -0.223  0.192  0.21   0.558  0.161  0.624]
 [-0.375  0.268 -0.403 -0.075  0.033 -0.764  0.185]
 [-0.377  0.422  0.193  0.214 -0.658  0.258  0.312]
 [-0.38  -0.605 -0.079 -0.603 -0.332  0.075  0.057]
 [-0.377 -0.163  0.654  0.22   0.009 -0.355 -0.479]
 [-0.377  0.515  0.018 -0.477  0.38   0.343 -0.319]]
Learning Rate : 5
Distance measure: 1.541
Time taken to converge as per expectation: inf s