
Playing the asymmetric EigenGame (Variant c, momentum)...
Time taken: 184.36409497261047s
EigenVectors obtained through EigenGame:
[[ 0.37   0.132  0.846 -0.052  0.226  0.081 -0.142]
 [ 0.375 -0.037  0.012  0.588 -0.581 -0.402 -0.234]
 [ 0.37   0.043 -0.328 -0.501  0.233 -0.582 -0.435]
 [ 0.387  0.304 -0.301  0.506  0.594  0.177 -0.374]
 [ 0.388  0.548 -0.045 -0.354 -0.379  0.127  0.714]
 [ 0.394 -0.712  0.086 -0.071  0.124 -0.071  0.091]
 [ 0.361 -0.283 -0.275 -0.122 -0.214  0.664  0.279]]
EigenVectors obtained through numpy:
[[ 0.379  0.574  0.207 -0.381 -0.01   0.274 -0.514]
 [ 0.379 -0.192  0.223  0.624 -0.558  0.161 -0.21 ]
 [ 0.375  0.403 -0.268  0.185 -0.033 -0.764  0.075]
 [ 0.377 -0.193 -0.422  0.312  0.658  0.258 -0.214]
 [ 0.38   0.079  0.605  0.057  0.332  0.075  0.603]
 [ 0.377 -0.654  0.163 -0.479 -0.009 -0.355 -0.22 ]
 [ 0.377 -0.018 -0.515 -0.319 -0.38   0.343  0.477]]
Learning Rate : 1e-09
Distance measure: 2.163
Time taken to converge as per expectation: inf s