
Playing the asymmetric EigenGame (Variant a, rmsprop)...
Time taken: 171.17399096488953s
EigenVectors obtained through EigenGame:
[[ 0.379 -0.207 -0.574  0.01   0.273 -0.383 -0.512]
 [ 0.379 -0.223  0.196  0.553  0.173  0.623 -0.213]
 [ 0.375  0.268 -0.403  0.053 -0.763  0.186  0.074]
 [ 0.377  0.422  0.186 -0.665  0.244  0.311 -0.216]
 [ 0.381 -0.605 -0.083 -0.333  0.068  0.06   0.603]
 [ 0.377 -0.163  0.654  0.011 -0.355 -0.479 -0.218]
 [ 0.378  0.515  0.021  0.373  0.35  -0.317  0.479]]
EigenVectors obtained through numpy:
[[ 0.379 -0.207 -0.574  0.01   0.274 -0.381 -0.514]
 [ 0.379 -0.223  0.192  0.558  0.161  0.624 -0.21 ]
 [ 0.375  0.268 -0.403  0.033 -0.764  0.185  0.075]
 [ 0.377  0.422  0.193 -0.658  0.258  0.312 -0.214]
 [ 0.38  -0.605 -0.079 -0.332  0.075  0.057  0.603]
 [ 0.377 -0.163  0.654  0.009 -0.355 -0.479 -0.22 ]
 [ 0.377  0.515  0.018  0.38   0.343 -0.319  0.477]]
Learning Rate : 0.001
Distance measure: 0.033
Time taken to converge as per expectation: inf s