
Playing the asymmetric EigenGame (Variant a, rmsprop)...
Time taken: 178.71422386169434s
EigenVectors obtained through EigenGame:
[[-0.205 -0.022 -0.832 -0.34  -0.014  0.303 -0.149]
 [-0.298  0.033  0.059 -0.524 -0.195 -0.509  0.453]
 [-0.38  -0.377 -0.314  0.372 -0.279 -0.643 -0.388]
 [-0.295 -0.558 -0.254 -0.098  0.859 -0.189  0.171]
 [-0.546  0.491 -0.147  0.199  0.288 -0.14  -0.205]
 [-0.292 -0.023  0.179 -0.65   0.22  -0.208 -0.724]
 [-0.505 -0.551  0.295  0.016 -0.123  0.37  -0.166]]
EigenVectors obtained through numpy:
[[-0.379  0.207 -0.574 -0.514 -0.01   0.274 -0.381]
 [-0.379  0.223  0.192 -0.21  -0.558  0.161  0.624]
 [-0.375 -0.268 -0.403  0.075 -0.033 -0.764  0.185]
 [-0.377 -0.422  0.193 -0.214  0.658  0.258  0.312]
 [-0.38   0.605 -0.079  0.603  0.332  0.075  0.057]
 [-0.377  0.163  0.654 -0.22  -0.009 -0.355 -0.479]
 [-0.377 -0.515  0.018  0.477 -0.38   0.343 -0.319]]
Learning Rate : 0.5
Distance measure: 1.823
Time taken to converge as per expectation: inf s