
Playing the asymmetric EigenGame (Variant a, momentum)...
Time taken: 197.5888328552246s
EigenVectors obtained through EigenGame:
[[-0.262  0.243  0.5   -0.358 -0.312 -0.197 -0.467]
 [-0.327  0.279  0.164  0.489 -0.198 -0.1    0.538]
 [-0.383 -0.184  0.41  -0.034  0.136  0.781  0.16 ]
 [-0.324 -0.353 -0.457 -0.523 -0.    -0.407 -0.087]
 [-0.499  0.705  0.132  0.137  0.805  0.217  0.05 ]
 [-0.322  0.219 -0.512  0.218 -0.311  0.316 -0.527]
 [-0.47  -0.399  0.258  0.54   0.317 -0.17  -0.424]]
EigenVectors obtained through numpy:
[[-0.379  0.207  0.574  0.01  -0.514 -0.274 -0.381]
 [-0.379  0.223 -0.192  0.558 -0.21  -0.161  0.624]
 [-0.375 -0.268  0.403  0.033  0.075  0.764  0.185]
 [-0.377 -0.422 -0.193 -0.658 -0.214 -0.258  0.312]
 [-0.38   0.605  0.079 -0.332  0.603 -0.075  0.057]
 [-0.377  0.163 -0.654  0.009 -0.22   0.355 -0.479]
 [-0.377 -0.515 -0.018  0.38   0.477 -0.343 -0.319]]
Learning Rate : 0.001
Distance measure: 1.159
Time taken to converge as per expectation: inf s