
Playing the asymmetric EigenGame (Variant a, momentum)...
Time taken: 167.9146327972412s
EigenVectors obtained through EigenGame:
[[-0.254  0.241 -0.483  0.35  -0.584  0.317 -0.234]
 [-0.323  0.278  0.428  0.067 -0.551 -0.133  0.474]
 [-0.382 -0.183 -0.302  0.377  0.066 -0.83   0.111]
 [-0.32  -0.354 -0.547 -0.402 -0.098  0.078  0.15 ]
 [-0.506  0.708 -0.27   0.339  0.566  0.073 -0.047]
 [-0.318  0.218  0.233 -0.586 -0.141 -0.392 -0.59 ]
 [-0.475 -0.396  0.258  0.332  0.014  0.166 -0.58 ]]
EigenVectors obtained through numpy:
[[-0.379  0.207  0.01   0.574 -0.514  0.274 -0.381]
 [-0.379  0.223  0.558 -0.192 -0.21   0.161  0.624]
 [-0.375 -0.268  0.033  0.403  0.075 -0.764  0.185]
 [-0.377 -0.422 -0.658 -0.193 -0.214  0.258  0.312]
 [-0.38   0.605 -0.332  0.079  0.603  0.075  0.057]
 [-0.377  0.163  0.009 -0.654 -0.22  -0.355 -0.479]
 [-0.377 -0.515  0.38  -0.018  0.477  0.343 -0.319]]
Learning Rate : 35
Distance measure: 1.26
Time taken to converge as per expectation: inf s