
Playing the asymmetric EigenGame (Variant c, adagrad)...
Time taken: 183.1874508857727s
EigenVectors obtained through EigenGame:
[[ 0.379  0.207 -0.573  0.036 -0.272  0.378  0.516]
 [ 0.379  0.223  0.206  0.558 -0.141 -0.625  0.206]
 [ 0.375 -0.268 -0.403  0.014  0.765 -0.186 -0.076]
 [ 0.377 -0.422  0.175 -0.652 -0.283 -0.313  0.212]
 [ 0.38   0.605 -0.088 -0.327 -0.088 -0.054 -0.604]
 [ 0.377  0.163  0.654 -0.022  0.355  0.477  0.223]
 [ 0.377 -0.515  0.028  0.392 -0.328  0.323 -0.476]]
EigenVectors obtained through numpy:
[[ 0.379  0.207 -0.574  0.01  -0.274  0.381  0.514]
 [ 0.379  0.223  0.192  0.558 -0.161 -0.624  0.21 ]
 [ 0.375 -0.268 -0.403  0.033  0.764 -0.185 -0.075]
 [ 0.377 -0.422  0.193 -0.658 -0.258 -0.312  0.214]
 [ 0.38   0.605 -0.079 -0.332 -0.075 -0.057 -0.603]
 [ 0.377  0.163  0.654  0.009  0.355  0.479  0.22 ]
 [ 0.377 -0.515  0.018  0.38  -0.343  0.319 -0.477]]
Learning Rate : 50
Distance measure: 0.066
Time taken to converge as per expectation: inf s