
Playing the asymmetric EigenGame (Variant b, adagrad)...
Time taken: 186.86887502670288s
EigenVectors obtained through EigenGame:
[[-0.379 -0.207 -0.573  0.01  -0.279  0.345  0.537]
 [-0.379 -0.223  0.178  0.57  -0.126 -0.637  0.17 ]
 [-0.375  0.268 -0.407 -0.016  0.764 -0.173 -0.086]
 [-0.377  0.422  0.211 -0.639 -0.287 -0.327  0.194]
 [-0.38  -0.605 -0.071 -0.33  -0.092 -0.02  -0.606]
 [-0.377 -0.163  0.652  0.007  0.353  0.468  0.25 ]
 [-0.377  0.515  0.01   0.398 -0.326  0.345 -0.457]]
EigenVectors obtained through numpy:
[[-0.379 -0.207 -0.574  0.01  -0.274  0.381  0.514]
 [-0.379 -0.223  0.192  0.558 -0.161 -0.624  0.21 ]
 [-0.375  0.268 -0.403  0.033  0.764 -0.185 -0.075]
 [-0.377  0.422  0.193 -0.658 -0.258 -0.312  0.214]
 [-0.38  -0.605 -0.079 -0.332 -0.075 -0.057 -0.603]
 [-0.377 -0.163  0.654  0.009  0.355  0.479  0.22 ]
 [-0.377  0.515  0.018  0.38  -0.343  0.319 -0.477]]
Learning Rate : 15
Distance measure: 0.121
Time taken to converge as per expectation: inf s