
Playing the asymmetric EigenGame (Variant c)...
Time taken: 84.42758107185364s
EigenVectors obtained through EigenGame:
[[ 0.448 -0.587 -0.403 -0.482  0.243]
 [ 0.449  0.665  0.123 -0.567 -0.14 ]
 [ 0.443 -0.375  0.432  0.17  -0.67 ]
 [ 0.447  0.268 -0.634  0.559 -0.121]
 [ 0.449  0.025  0.484  0.324  0.677]]
EigenVectors obtained through numpy:
[[ 0.448 -0.603 -0.382 -0.48   0.243]
 [ 0.449  0.669  0.094 -0.568 -0.14 ]
 [ 0.443 -0.357  0.447  0.168 -0.67 ]
 [ 0.447  0.242 -0.641  0.563 -0.121]
 [ 0.449  0.044  0.484  0.321  0.677]]
Learning Rate : 35
Distance measure: 0.057
Time taken to converge as per expectation: inf s