
Playing the asymmetric EigenGame (Variant a, rmsprop)...
Time taken: 193.65797185897827s
EigenVectors obtained through EigenGame:
[[ 0.382  0.204  0.565 -0.078  0.267 -0.389 -0.511]
 [ 0.381  0.22  -0.257 -0.535  0.165  0.622 -0.223]
 [ 0.375 -0.272  0.394 -0.085 -0.766  0.195  0.069]
 [ 0.379 -0.426 -0.119  0.673  0.254  0.309 -0.222]
 [ 0.376  0.601  0.113  0.318  0.071  0.069  0.599]
 [ 0.379  0.159 -0.654  0.06  -0.362 -0.477 -0.216]
 [ 0.374 -0.518 -0.065 -0.378  0.339 -0.311  0.479]]
EigenVectors obtained through numpy:
[[ 0.379  0.207  0.574 -0.01   0.274 -0.381 -0.514]
 [ 0.379  0.223 -0.192 -0.558  0.161  0.624 -0.21 ]
 [ 0.375 -0.268  0.403 -0.033 -0.764  0.185  0.075]
 [ 0.377 -0.422 -0.193  0.658  0.258  0.312 -0.214]
 [ 0.38   0.605  0.079  0.332  0.075  0.057  0.603]
 [ 0.377  0.163 -0.654 -0.009 -0.355 -0.479 -0.22 ]
 [ 0.377 -0.515 -0.018 -0.38   0.343 -0.319  0.477]]
Learning Rate : 0.01
Distance measure: 0.165
Time taken to converge as per expectation: inf s