
Playing the asymmetric EigenGame (Variant c, adagrad)...
Time taken: 203.416925907135s
EigenVectors obtained through EigenGame:
[[ 0.379 -0.228  0.496  0.12  -0.338  0.607  0.246]
 [ 0.379 -0.213 -0.313  0.529 -0.101 -0.421  0.495]
 [ 0.375  0.247  0.55   0.046  0.658 -0.247  0.038]
 [ 0.377  0.43  -0.131 -0.66  -0.293 -0.137  0.34 ]
 [ 0.38  -0.607  0.082 -0.314 -0.137 -0.35  -0.491]
 [ 0.377 -0.139 -0.561 -0.118  0.506  0.499 -0.049]
 [ 0.377  0.518 -0.12   0.396 -0.287  0.05  -0.578]]
EigenVectors obtained through numpy:
[[ 0.379 -0.207  0.574  0.01  -0.274  0.381  0.514]
 [ 0.379 -0.223 -0.192  0.558 -0.161 -0.624  0.21 ]
 [ 0.375  0.268  0.403  0.033  0.764 -0.185 -0.075]
 [ 0.377  0.422 -0.193 -0.658 -0.258 -0.312  0.214]
 [ 0.38  -0.605  0.079 -0.332 -0.075 -0.057 -0.603]
 [ 0.377 -0.163 -0.654  0.009  0.355  0.479  0.22 ]
 [ 0.377  0.515 -0.018  0.38  -0.343  0.319 -0.477]]
Learning Rate : 20
Distance measure: 0.842
Time taken to converge as per expectation: inf s