
Playing the asymmetric EigenGame (Variant b, adagrad)...
Time taken: 167.9790279865265s
EigenVectors obtained through EigenGame:
[[-0.379 -0.207 -0.538  0.199 -0.265  0.395 -0.507]
 [-0.379 -0.223  0.367  0.46  -0.176 -0.617 -0.223]
 [-0.375  0.268 -0.365  0.173  0.761 -0.198  0.074]
 [-0.377  0.422 -0.041 -0.687 -0.255 -0.304 -0.221]
 [-0.38  -0.605 -0.187 -0.288 -0.075 -0.068  0.602]
 [-0.377 -0.163  0.621 -0.206  0.361  0.478 -0.209]
 [-0.377  0.515  0.143  0.349 -0.344  0.315  0.482]]
EigenVectors obtained through numpy:
[[-0.379 -0.207 -0.574  0.01  -0.274  0.381 -0.514]
 [-0.379 -0.223  0.192  0.558 -0.161 -0.624 -0.21 ]
 [-0.375  0.268 -0.403  0.033  0.764 -0.185  0.075]
 [-0.377  0.422  0.193 -0.658 -0.258 -0.312 -0.214]
 [-0.38  -0.605 -0.079 -0.332 -0.075 -0.057  0.603]
 [-0.377 -0.163  0.654  0.009  0.355  0.479 -0.22 ]
 [-0.377  0.515  0.018  0.38  -0.343  0.319  0.477]]
Learning Rate : 20
Distance measure: 0.482
Time taken to converge as per expectation: inf s