
Playing the asymmetric EigenGame (Variant a, momentum)...
Time taken: 194.90859127044678s
EigenVectors obtained through EigenGame:
[[-0.484  0.138  0.364 -0.082 -0.069 -0.294  0.569]
 [-0.417  0.134 -0.417  0.455 -0.216 -0.68  -0.112]
 [-0.349 -0.358  0.294 -0.093 -0.538  0.183 -0.43 ]
 [-0.416 -0.489  0.258 -0.067  0.702 -0.288 -0.082]
 [-0.236  0.45  -0.174 -0.809  0.137 -0.141 -0.072]
 [-0.417  0.077 -0.458  0.185  0.37   0.56  -0.091]
 [-0.261 -0.622 -0.549 -0.292  0.101 -0.037  0.678]]
EigenVectors obtained through numpy:
[[-0.379  0.207  0.574  0.514 -0.01   0.381  0.274]
 [-0.379  0.223 -0.192  0.21  -0.558 -0.624  0.161]
 [-0.375 -0.268  0.403 -0.075 -0.033 -0.185 -0.764]
 [-0.377 -0.422 -0.193  0.214  0.658 -0.312  0.258]
 [-0.38   0.605  0.079 -0.603  0.332 -0.057  0.075]
 [-0.377  0.163 -0.654  0.22  -0.009  0.479 -0.355]
 [-0.377 -0.515 -0.018 -0.477 -0.38   0.319  0.343]]
Learning Rate : 15
Distance measure: 1.871
Time taken to converge as per expectation: inf s