
Playing the asymmetric EigenGame (Variant a, adagrad)...
Time taken: 183.09880590438843s
EigenVectors obtained through EigenGame:
[[-0.379 -0.207 -0.573  0.034 -0.275  0.285  0.572]
 [-0.379 -0.223  0.216  0.548 -0.164 -0.651  0.098]
 [-0.375  0.268 -0.402  0.055  0.764 -0.168 -0.106]
 [-0.377  0.422  0.164 -0.667 -0.253 -0.345  0.156]
 [-0.38  -0.605 -0.094 -0.329 -0.073  0.049 -0.604]
 [-0.377 -0.163  0.654 -0.017  0.354  0.433  0.3  ]
 [-0.377  0.515  0.035  0.377 -0.345  0.398 -0.415]]
EigenVectors obtained through numpy:
[[-0.379 -0.207 -0.574  0.01  -0.274  0.381  0.514]
 [-0.379 -0.223  0.192  0.558 -0.161 -0.624  0.21 ]
 [-0.375  0.268 -0.403  0.033  0.764 -0.185 -0.075]
 [-0.377  0.422  0.193 -0.658 -0.258 -0.312  0.214]
 [-0.38  -0.605 -0.079 -0.332 -0.075 -0.057 -0.603]
 [-0.377 -0.163  0.654  0.009  0.355  0.479  0.22 ]
 [-0.377  0.515  0.018  0.38  -0.343  0.319 -0.477]]
Learning Rate : 30
Distance measure: 0.255
Time taken to converge as per expectation: inf s