
Playing the asymmetric EigenGame (Variant c)...
EigenVectors obtained through EigenGame:
[[ 0.448  0.438 -0.561  0.48  -0.244]
 [ 0.449 -0.601  0.31   0.566  0.139]
 [ 0.443  0.487  0.303 -0.165  0.67 ]
 [ 0.447 -0.442 -0.524 -0.564  0.122]
 [ 0.449  0.122  0.472 -0.322 -0.677]]
EigenVectors obtained through numpy:
[[ 0.448  0.603 -0.382  0.48  -0.243]
 [ 0.449 -0.669  0.094  0.568  0.14 ]
 [ 0.443  0.357  0.447 -0.168  0.67 ]
 [ 0.447 -0.242 -0.641 -0.563  0.121]
 [ 0.449 -0.044  0.484 -0.321 -0.677]]
Learning Rate : 5e-07
Distance measure: 0.479