
Playing the asymmetric EigenGame (Variant a, rmsprop)...
Time taken: 178.67840385437012s
EigenVectors obtained through EigenGame:
[[0.589 0.288 0.396 0.17  0.434 0.6   0.053]
 [0.396 0.224 0.152 0.534 0.147 0.204 0.443]
 [0.363 0.37  0.326 0.318 0.573 0.428 0.126]
 [0.042 0.119 0.231 0.377 0.494 0.289 0.694]
 [0.45  0.422 0.228 0.18  0.25  0.164 0.005]
 [0.392 0.546 0.422 0.517 0.251 0.488 0.076]
 [0.087 0.489 0.656 0.379 0.304 0.258 0.546]]
EigenVectors obtained through numpy:
[[-0.379  0.207  0.381 -0.574 -0.01   0.514  0.274]
 [-0.379  0.223 -0.624  0.192 -0.558  0.21   0.161]
 [-0.375 -0.268 -0.185 -0.403 -0.033 -0.075 -0.764]
 [-0.377 -0.422 -0.312  0.193  0.658  0.214  0.258]
 [-0.38   0.605 -0.057 -0.079  0.332 -0.603  0.075]
 [-0.377  0.163  0.479  0.654 -0.009  0.22  -0.355]
 [-0.377 -0.515  0.319  0.018 -0.38  -0.477  0.343]]
Learning Rate : 5e-08
Distance measure: 3.59
Time taken to converge as per expectation: inf s