
Playing the asymmetric EigenGame (Variant b, rmsprop)...
Time taken: 176.06245684623718s
EigenVectors obtained through EigenGame:
[[ 0.379 -0.206 -0.566 -0.079  0.224 -0.5    0.453]
 [ 0.379 -0.222  0.23  -0.583  0.105  0.524  0.377]
 [ 0.375  0.269 -0.394 -0.095 -0.796  0.153  0.011]
 [ 0.377  0.423  0.165  0.624  0.235  0.246  0.285]
 [ 0.38  -0.604 -0.09   0.287  0.05   0.168 -0.551]
 [ 0.377 -0.162  0.659 -0.019 -0.408 -0.555  0.158]
 [ 0.377  0.516  0.045 -0.416  0.285 -0.236 -0.493]]
EigenVectors obtained through numpy:
[[ 0.379 -0.207 -0.574 -0.01   0.274 -0.381  0.514]
 [ 0.379 -0.223  0.192 -0.558  0.161  0.624  0.21 ]
 [ 0.375  0.268 -0.403 -0.033 -0.764  0.185 -0.075]
 [ 0.377  0.422  0.193  0.658  0.258  0.312  0.214]
 [ 0.38  -0.605 -0.079  0.332  0.075  0.057 -0.603]
 [ 0.377 -0.163  0.654 -0.009 -0.355 -0.479  0.22 ]
 [ 0.377  0.515  0.018 -0.38   0.343 -0.319 -0.477]]
Learning Rate : 0.05
Distance measure: 0.37
Time taken to converge as per expectation: inf s