
Playing the asymmetric EigenGame (Variant a, momentum)...
Time taken: 204.2244908809662s
EigenVectors obtained through EigenGame:
[[-0.379 -0.133  0.374 -0.04  -0.039 -0.071 -0.779]
 [-0.379 -0.149 -0.246  0.651 -0.259 -0.544  0.286]
 [-0.375  0.333  0.392 -0.417 -0.33  -0.474  0.341]
 [-0.377  0.485 -0.226  0.16   0.821 -0.316  0.271]
 [-0.38  -0.523 -0.033  0.037  0.365  0.091  0.323]
 [-0.377 -0.09  -0.754 -0.391 -0.118 -0.005 -0.095]
 [-0.377  0.576 -0.155  0.469  0.016  0.605  0.09 ]]
EigenVectors obtained through numpy:
[[-0.379 -0.207  0.574  0.274 -0.01   0.381 -0.514]
 [-0.379 -0.223 -0.192  0.161 -0.558 -0.624 -0.21 ]
 [-0.375  0.268  0.403 -0.764 -0.033 -0.185  0.075]
 [-0.377  0.422 -0.193  0.258  0.658 -0.312 -0.214]
 [-0.38  -0.605  0.079  0.075  0.332 -0.057  0.603]
 [-0.377 -0.163 -0.654 -0.355 -0.009  0.479 -0.22 ]
 [-0.377  0.515 -0.018  0.343 -0.38   0.319  0.477]]
Learning Rate : 0.0001
Distance measure: 1.575
Time taken to converge as per expectation: inf s