
Playing the symmetric penalty EigenGame (Variant c)...
EigenVectors obtained through EigenGame:
[[ 0.577  0.359  0.032 -0.579  0.448]
 [ 0.469 -0.198 -0.275  0.68   0.449]
 [-0.427 -0.387 -0.593 -0.351  0.442]
 [-0.498  0.685  0.075  0.28   0.447]
 [-0.13  -0.461  0.752 -0.034  0.45 ]]
EigenVectors obtained through numpy:
[[ 0.48   0.382  0.243 -0.603  0.448]
 [ 0.568 -0.094 -0.14   0.669  0.449]
 [-0.168 -0.447 -0.67  -0.357  0.443]
 [-0.563  0.641 -0.121  0.242  0.447]
 [-0.321 -0.484  0.677  0.044  0.449]]
Learning Rate : 5e-07
Distance measure: 0.515