
Playing the asymmetric EigenGame (Variant a, rmsprop)...
Time taken: 187.6675901412964s
EigenVectors obtained through EigenGame:
[[ 0.379  0.208 -0.686 -0.094 -0.136  0.42   0.38 ]
 [ 0.379  0.226  0.062  0.445  0.772 -0.047  0.05 ]
 [ 0.375 -0.266 -0.256 -0.49   0.154 -0.678 -0.019]
 [ 0.377 -0.427  0.513 -0.364  0.128  0.465  0.219]
 [ 0.38   0.603  0.213 -0.302 -0.163  0.087 -0.568]
 [ 0.377  0.162  0.34   0.337 -0.505 -0.357  0.46 ]
 [ 0.377 -0.513 -0.186  0.465 -0.253  0.104 -0.519]]
EigenVectors obtained through numpy:
[[ 0.379  0.207 -0.574  0.01  -0.381  0.274  0.514]
 [ 0.379  0.223  0.192  0.558  0.624  0.161  0.21 ]
 [ 0.375 -0.268 -0.403  0.033  0.185 -0.764 -0.075]
 [ 0.377 -0.422  0.193 -0.658  0.312  0.258  0.214]
 [ 0.38   0.605 -0.079 -0.332  0.057  0.075 -0.603]
 [ 0.377  0.163  0.654  0.009 -0.479 -0.355  0.22 ]
 [ 0.377 -0.515  0.018  0.38  -0.319  0.343 -0.477]]
Learning Rate : 5e-05
Distance measure: 1.152
Time taken to converge as per expectation: inf s