
Playing the asymmetric EigenGame (Variant c, adagrad)...
Time taken: 180.6955189704895s
EigenVectors obtained through EigenGame:
[[0.094 0.042 0.227 0.465 0.207 0.572 0.573]
 [0.36  0.333 0.324 0.22  0.129 0.528 0.392]
 [0.333 0.033 0.38  0.342 0.544 0.016 0.355]
 [0.607 0.501 0.254 0.572 0.165 0.406 0.181]
 [0.366 0.242 0.468 0.405 0.483 0.07  0.554]
 [0.497 0.585 0.577 0.343 0.355 0.466 0.124]
 [0.036 0.484 0.286 0.103 0.508 0.084 0.193]]
EigenVectors obtained through numpy:
[[-0.381 -0.574  0.379 -0.01  -0.274  0.514  0.207]
 [ 0.624  0.192  0.379 -0.558 -0.161  0.21   0.223]
 [ 0.185 -0.403  0.375 -0.033  0.764 -0.075 -0.268]
 [ 0.312  0.193  0.377  0.658 -0.258  0.214 -0.422]
 [ 0.057 -0.079  0.38   0.332 -0.075 -0.603  0.605]
 [-0.479  0.654  0.377 -0.009  0.355  0.22   0.163]
 [-0.319  0.018  0.377 -0.38  -0.343 -0.477 -0.515]]
Learning Rate : 1e-06
Distance measure: 2.829
Time taken to converge as per expectation: inf s