
Playing the asymmetric EigenGame (Variant c, adagrad)...
Time taken: 235.37422680854797s
EigenVectors obtained through EigenGame:
[[-0.379 -0.199 -0.173  0.601  0.194  0.321 -0.535]
 [-0.379 -0.238 -0.391 -0.298  0.367  0.393  0.517]
 [-0.375  0.265 -0.3    0.147 -0.792  0.088  0.202]
 [-0.377  0.439  0.719  0.085  0.152  0.287  0.191]
 [-0.38  -0.594  0.303  0.203 -0.088 -0.54   0.267]
 [-0.377 -0.173  0.151 -0.69  -0.199  0.05  -0.536]
 [-0.377  0.508 -0.31  -0.051  0.36  -0.598 -0.108]]
EigenVectors obtained through numpy:
[[-0.379 -0.207 -0.01   0.574  0.274  0.514 -0.381]
 [-0.379 -0.223 -0.558 -0.192  0.161  0.21   0.624]
 [-0.375  0.268 -0.033  0.403 -0.764 -0.075  0.185]
 [-0.377  0.422  0.658 -0.193  0.258  0.214  0.312]
 [-0.38  -0.605  0.332  0.079  0.075 -0.603  0.057]
 [-0.377 -0.163 -0.009 -0.654 -0.355  0.22  -0.479]
 [-0.377  0.515 -0.38  -0.018  0.343 -0.477 -0.319]]
Learning Rate : 10
Distance measure: 0.859
Time taken to converge as per expectation: inf s