
Playing the asymmetric EigenGame (Variant c)...
Time taken: 427.1468689441681s
EigenVectors obtained through EigenGame:
[[ 0.315 -0.227  0.282  0.277  0.223 -0.075 -0.278 -0.113  0.716 -0.182]
 [ 0.316 -0.514  0.196  0.143 -0.076 -0.54   0.391 -0.013 -0.254  0.252]
 [ 0.317  0.095 -0.201 -0.144  0.654  0.213  0.179  0.263  0.08   0.497]
 [ 0.32   0.463  0.296  0.381 -0.042  0.003  0.175  0.534 -0.178 -0.324]
 [ 0.315 -0.502 -0.169  0.141  0.07   0.486 -0.314  0.039 -0.438 -0.264]
 [ 0.317  0.295 -0.387 -0.104  0.313 -0.429 -0.053 -0.417 -0.186 -0.399]
 [ 0.317  0.177 -0.477  0.446 -0.481  0.159  0.082 -0.214  0.183  0.321]
 [ 0.315 -0.063 -0.227 -0.515 -0.362 -0.26  -0.332  0.491  0.163 -0.006]
 [ 0.315  0.293  0.518 -0.171 -0.107  0.071 -0.417 -0.339 -0.259  0.38 ]
 [ 0.315 -0.027  0.169 -0.46  -0.196  0.374  0.561 -0.236  0.177 -0.273]]
EigenVectors obtained through numpy:
[[ 0.315 -0.224  0.052  0.461  0.061  0.003  0.005  0.315  0.703  0.198]
 [ 0.316 -0.501 -0.133  0.354  0.036 -0.426  0.247 -0.291 -0.415  0.069]
 [ 0.317  0.087  0.088 -0.183  0.562  0.092  0.182  0.577 -0.36   0.176]
 [ 0.32   0.465  0.044  0.388 -0.188  0.256  0.423 -0.028 -0.09  -0.49 ]
 [ 0.315 -0.5   -0.094 -0.12  -0.061  0.529 -0.407  0.037 -0.112 -0.405]
 [ 0.317  0.323 -0.315 -0.084  0.378 -0.448 -0.416 -0.154  0.176 -0.342]
 [ 0.317  0.22  -0.603 -0.102 -0.162  0.322  0.025 -0.218 -0.004  0.546]
 [ 0.315 -0.066 -0.029 -0.497 -0.581 -0.376  0.185  0.342  0.093 -0.103]
 [ 0.315  0.25   0.531  0.184 -0.28  -0.073 -0.526 -0.038 -0.261  0.303]
 [ 0.315 -0.066  0.464 -0.407  0.232  0.117  0.277 -0.54   0.275  0.054]]
Learning Rate : 1e-07
Distance measure: 2.088
Time taken to converge as per expectation: inf s