
Playing the asymmetric EigenGame (Variant a, momentum)...
Time taken: 192.74796319007874s
EigenVectors obtained through EigenGame:
[[-0.256 -0.327  0.471 -0.398 -0.359  0.224 -0.418]
 [-0.324 -0.323  0.188  0.459 -0.426  0.341  0.521]
 [-0.383  0.17   0.396 -0.14  -0.063 -0.775  0.355]
 [-0.321  0.3   -0.521 -0.465 -0.129  0.023 -0.234]
 [-0.504 -0.641  0.133  0.271  0.68  -0.145 -0.188]
 [-0.319 -0.265 -0.46   0.223 -0.455 -0.454 -0.221]
 [-0.474  0.433  0.294  0.52   0.018  0.07  -0.538]]
EigenVectors obtained through numpy:
[[-0.379 -0.207  0.574  0.01  -0.514  0.274 -0.381]
 [-0.379 -0.223 -0.192  0.558 -0.21   0.161  0.624]
 [-0.375  0.268  0.403  0.033  0.075 -0.764  0.185]
 [-0.377  0.422 -0.193 -0.658 -0.214  0.258  0.312]
 [-0.38  -0.605  0.079 -0.332  0.603  0.075  0.057]
 [-0.377 -0.163 -0.654  0.009 -0.22  -0.355 -0.479]
 [-0.377  0.515 -0.018  0.38   0.477  0.343 -0.319]]
Learning Rate : 0.005
Distance measure: 1.515
Time taken to converge as per expectation: inf s