
Playing the asymmetric EigenGame (Variant b, adagrad)...
Time taken: 197.14032411575317s
EigenVectors obtained through EigenGame:
[[-0.379 -0.056 -0.325  0.501  0.327 -0.605  0.15 ]
 [-0.379 -0.119 -0.447 -0.438  0.17   0.057 -0.647]
 [-0.375  0.359 -0.143  0.328 -0.753  0.104 -0.158]
 [-0.377  0.188  0.777  0.118  0.253 -0.061 -0.369]
 [-0.38  -0.631  0.047  0.284  0.047  0.583  0.183]
 [-0.377 -0.306  0.226 -0.536 -0.364 -0.411  0.351]
 [-0.377  0.572 -0.133 -0.258  0.314  0.33   0.49 ]]
EigenVectors obtained through numpy:
[[-0.379 -0.207 -0.01   0.574  0.274 -0.514  0.381]
 [-0.379 -0.223 -0.558 -0.192  0.161 -0.21  -0.624]
 [-0.375  0.268 -0.033  0.403 -0.764  0.075 -0.185]
 [-0.377  0.422  0.658 -0.193  0.258 -0.214 -0.312]
 [-0.38  -0.605  0.332  0.079  0.075  0.603 -0.057]
 [-0.377 -0.163 -0.009 -0.654 -0.355 -0.22   0.479]
 [-0.377  0.515 -0.38  -0.018  0.343  0.477  0.319]]
Learning Rate : 5
Distance measure: 1.032
Time taken to converge as per expectation: inf s