
Playing the asymmetric EigenGame (Variant a, adagrad)...
Time taken: 181.0739288330078s
EigenVectors obtained through EigenGame:
[[-0.379  0.207  0.573  0.036 -0.273 -0.301 -0.564]
 [-0.379  0.223 -0.206  0.558 -0.139  0.648 -0.117]
 [-0.375 -0.268  0.403  0.013  0.765  0.172  0.101]
 [-0.377 -0.422 -0.176 -0.652 -0.283  0.34  -0.166]
 [-0.381  0.605  0.087 -0.327 -0.088 -0.032  0.605]
 [-0.377  0.163 -0.654 -0.021  0.354 -0.442 -0.288]
 [-0.378 -0.515 -0.028  0.393 -0.328 -0.386  0.426]]
EigenVectors obtained through numpy:
[[-0.379  0.207  0.574  0.01  -0.274 -0.381 -0.514]
 [-0.379  0.223 -0.192  0.558 -0.161  0.624 -0.21 ]
 [-0.375 -0.268  0.403  0.033  0.764  0.185  0.075]
 [-0.377 -0.422 -0.193 -0.658 -0.258  0.312 -0.214]
 [-0.38   0.605  0.079 -0.332 -0.075  0.057  0.603]
 [-0.377  0.163 -0.654  0.009  0.355 -0.479 -0.22 ]
 [-0.377 -0.515 -0.018  0.38  -0.343 -0.319  0.477]]
Learning Rate : 30
Distance measure: 0.218
Time taken to converge as per expectation: inf s