
Playing the asymmetric EigenGame (Variant a, adagrad)...
Time taken: 191.5767638683319s
EigenVectors obtained through EigenGame:
[[ 0.379 -0.349 -0.412 -0.603 -0.431 -0.001  0.139]
 [ 0.379 -0.153  0.245  0.094  0.01  -0.841 -0.249]
 [ 0.375 -0.069  0.468 -0.259  0.486  0.125  0.557]
 [ 0.377  0.217  0.276 -0.274  0.033  0.38  -0.711]
 [ 0.38  -0.467  0.141  0.636 -0.282  0.36   0.043]
 [ 0.377  0.065 -0.673  0.209  0.585  0.026 -0.084]
 [ 0.377  0.762 -0.044  0.192 -0.394 -0.046  0.308]]
EigenVectors obtained through numpy:
[[ 0.379 -0.207 -0.381 -0.514 -0.274 -0.01   0.574]
 [ 0.379 -0.223  0.624 -0.21  -0.161 -0.558 -0.192]
 [ 0.375  0.268  0.185  0.075  0.764 -0.033  0.403]
 [ 0.377  0.422  0.312 -0.214 -0.258  0.658 -0.193]
 [ 0.38  -0.605  0.057  0.603 -0.075  0.332  0.079]
 [ 0.377 -0.163 -0.479 -0.22   0.355 -0.009 -0.654]
 [ 0.377  0.515 -0.319  0.477 -0.343 -0.38  -0.018]]
Learning Rate : 0.1
Distance measure: 1.633
Time taken to converge as per expectation: inf s