
Playing the asymmetric EigenGame (Variant b, rmsprop)...
Time taken: 220.42864203453064s
EigenVectors obtained through EigenGame:
[[ 0.379 -0.211 -0.571  0.025 -0.307  0.623  0.059]
 [ 0.379 -0.222  0.171 -0.556 -0.146 -0.135 -0.655]
 [ 0.375  0.265 -0.41  -0.049  0.772 -0.124 -0.084]
 [ 0.377  0.424  0.219  0.661 -0.209  0.023 -0.386]
 [ 0.38  -0.605 -0.06   0.339 -0.05  -0.554  0.249]
 [ 0.377 -0.158  0.652 -0.054  0.32   0.443  0.323]
 [ 0.377  0.515 -0.    -0.366 -0.374 -0.273  0.495]]
EigenVectors obtained through numpy:
[[ 0.379 -0.207 -0.574 -0.01  -0.274  0.514  0.381]
 [ 0.379 -0.223  0.192 -0.558 -0.161  0.21  -0.624]
 [ 0.375  0.268 -0.403 -0.033  0.764 -0.075 -0.185]
 [ 0.377  0.422  0.193  0.658 -0.258  0.214 -0.312]
 [ 0.38  -0.605 -0.079  0.332 -0.075 -0.603 -0.057]
 [ 0.377 -0.163  0.654 -0.009  0.355  0.22   0.479]
 [ 0.377  0.515  0.018 -0.38  -0.343 -0.477  0.319]]
Learning Rate : 0.0001
Distance measure: 0.738
Time taken to converge as per expectation: inf s