
Playing the asymmetric EigenGame (Variant a, momentum)...
Time taken: 176.30482006072998s
EigenVectors obtained through EigenGame:
[[-0.484  0.313  0.046  0.476 -0.403 -0.376 -0.451]
 [-0.417  0.307  0.498 -0.281  0.02  -0.443  0.61 ]
 [-0.349 -0.194 -0.277  0.071 -0.315  0.431  0.214]
 [-0.416 -0.324 -0.397  0.255  0.559 -0.458  0.23 ]
 [-0.236  0.624 -0.677 -0.268  0.241  0.005  0.401]
 [-0.417  0.249  0.217 -0.263  0.575  0.429 -0.369]
 [-0.261 -0.463 -0.103 -0.696 -0.192 -0.287 -0.171]]
EigenVectors obtained through numpy:
[[-0.379  0.207  0.01   0.514 -0.574 -0.274 -0.381]
 [-0.379  0.223  0.558  0.21   0.192 -0.161  0.624]
 [-0.375 -0.268  0.033 -0.075 -0.403  0.764  0.185]
 [-0.377 -0.422 -0.658  0.214  0.193 -0.258  0.312]
 [-0.38   0.605 -0.332 -0.603 -0.079 -0.075  0.057]
 [-0.377  0.163  0.009  0.22   0.654  0.355 -0.479]
 [-0.377 -0.515  0.38  -0.477  0.018 -0.343 -0.319]]
Learning Rate : 5
Distance measure: 1.446
Time taken to converge as per expectation: inf s