
Playing the asymmetric EigenGame (Variant a, momentum)...
Time taken: 192.25529313087463s
EigenVectors obtained through EigenGame:
[[-0.254 -0.164  0.286 -0.517 -0.345  0.266 -0.372]
 [-0.323 -0.158 -0.201  0.088 -0.436 -0.02   0.575]
 [-0.382  0.341  0.595  0.126  0.086 -0.485  0.191]
 [-0.32   0.472 -0.048 -0.273  0.631  0.319  0.428]
 [-0.506 -0.475  0.348  0.431  0.534  0.246  0.122]
 [-0.318 -0.1   -0.619 -0.066 -0.015 -0.462 -0.544]
 [-0.475  0.611  0.133  0.667 -0.005  0.564  0.016]]
EigenVectors obtained through numpy:
[[-0.379 -0.207  0.574 -0.514 -0.01   0.274 -0.381]
 [-0.379 -0.223 -0.192 -0.21  -0.558  0.161  0.624]
 [-0.375  0.268  0.403  0.075 -0.033 -0.764  0.185]
 [-0.377  0.422 -0.193 -0.214  0.658  0.258  0.312]
 [-0.38  -0.605  0.079  0.603  0.332  0.075  0.057]
 [-0.377 -0.163 -0.654 -0.22  -0.009 -0.355 -0.479]
 [-0.377  0.515 -0.018  0.477 -0.38   0.343 -0.319]]
Learning Rate : 50
Distance measure: 1.087
Time taken to converge as per expectation: inf s