
Playing the asymmetric EigenGame (Variant a, rmsprop)...
Time taken: 82.26711702346802s
EigenVectors obtained through EigenGame:
[[ 0.448 -0.599 -0.386  0.482  0.243]
 [ 0.449  0.669  0.104  0.567 -0.14 ]
 [ 0.443 -0.362  0.442 -0.17  -0.67 ]
 [ 0.447  0.249 -0.642 -0.559 -0.121]
 [ 0.449  0.04   0.482 -0.324  0.677]]
EigenVectors obtained through numpy:
[[ 0.448 -0.603 -0.382  0.48   0.243]
 [ 0.449  0.669  0.094  0.568 -0.14 ]
 [ 0.443 -0.357  0.447 -0.168 -0.67 ]
 [ 0.447  0.242 -0.641 -0.563 -0.121]
 [ 0.449  0.044  0.484 -0.321  0.677]]
Learning Rate : 0.0005
Distance measure: 0.016
Time taken to converge as per expectation: inf s