
Playing the asymmetric EigenGame (Variant c, adagrad)...
Time taken: 181.05258107185364s
EigenVectors obtained through EigenGame:
[[-0.379  0.207  0.527  0.297  0.194  0.347  0.537]
 [-0.379  0.223 -0.078 -0.371  0.476 -0.636  0.17 ]
 [-0.375 -0.268  0.483 -0.389 -0.606 -0.18  -0.088]
 [-0.377 -0.422 -0.363  0.608 -0.186 -0.324  0.194]
 [-0.38   0.605 -0.007  0.317 -0.146 -0.018 -0.606]
 [-0.377  0.163 -0.592 -0.381 -0.242  0.464  0.25 ]
 [-0.377 -0.515  0.03  -0.086  0.504  0.349 -0.456]]
EigenVectors obtained through numpy:
[[-0.379  0.207  0.574 -0.01   0.274  0.381  0.514]
 [-0.379  0.223 -0.192 -0.558  0.161 -0.624  0.21 ]
 [-0.375 -0.268  0.403 -0.033 -0.764 -0.185 -0.075]
 [-0.377 -0.422 -0.193  0.658  0.258 -0.312  0.214]
 [-0.38   0.605  0.079  0.332  0.075 -0.057 -0.603]
 [-0.377  0.163 -0.654 -0.009 -0.355  0.479  0.22 ]
 [-0.377 -0.515 -0.018 -0.38   0.343  0.319 -0.477]]
Learning Rate : 50
Distance measure: 0.985
Time taken to converge as per expectation: inf s