
Playing the asymmetric EigenGame (Variant c, adagrad)...
Time taken: 184.47396087646484s
EigenVectors obtained through EigenGame:
[[-0.379  0.21   0.582 -0.273  0.027  0.424 -0.469]
 [-0.379  0.221 -0.153 -0.031  0.579 -0.606 -0.282]
 [-0.375 -0.266  0.38   0.773 -0.136 -0.155  0.059]
 [-0.377 -0.423 -0.223 -0.361 -0.592 -0.293 -0.248]
 [-0.38   0.605  0.058 -0.131 -0.317 -0.128  0.593]
 [-0.377  0.159 -0.664  0.314 -0.004  0.517 -0.161]
 [-0.377 -0.516  0.02  -0.284  0.442  0.242  0.507]]
EigenVectors obtained through numpy:
[[-0.379  0.207  0.574 -0.274  0.01   0.381 -0.514]
 [-0.379  0.223 -0.192 -0.161  0.558 -0.624 -0.21 ]
 [-0.375 -0.268  0.403  0.764  0.033 -0.185  0.075]
 [-0.377 -0.422 -0.193 -0.258 -0.658 -0.312 -0.214]
 [-0.38   0.605  0.079 -0.075 -0.332 -0.057  0.603]
 [-0.377  0.163 -0.654  0.355  0.009  0.479 -0.22 ]
 [-0.377 -0.515 -0.018 -0.343  0.38   0.319  0.477]]
Learning Rate : 30
Distance measure: 0.329
Time taken to converge as per expectation: inf s