
Playing the asymmetric EigenGame (Variant b, rmsprop)...
Time taken: 194.75504159927368s
EigenVectors obtained through EigenGame:
[[ 0.379 -0.203  0.576 -0.037  0.275  0.378  0.509]
 [ 0.379 -0.219 -0.19  -0.569  0.103 -0.625  0.208]
 [ 0.375  0.272  0.407  0.051 -0.759 -0.188 -0.079]
 [ 0.377  0.426 -0.188  0.631  0.329 -0.317  0.209]
 [ 0.38  -0.601  0.081  0.324  0.112 -0.062 -0.606]
 [ 0.377 -0.159 -0.651  0.031 -0.352  0.478  0.218]
 [ 0.377  0.519 -0.015 -0.41   0.305  0.314 -0.482]]
EigenVectors obtained through numpy:
[[ 0.379 -0.207  0.574 -0.01   0.274  0.381  0.514]
 [ 0.379 -0.223 -0.192 -0.558  0.161 -0.624  0.21 ]
 [ 0.375  0.268  0.403 -0.033 -0.764 -0.185 -0.075]
 [ 0.377  0.422 -0.193  0.658  0.258 -0.312  0.214]
 [ 0.38  -0.605  0.079  0.332  0.075 -0.057 -0.603]
 [ 0.377 -0.163 -0.654 -0.009 -0.355  0.479  0.22 ]
 [ 0.377  0.515 -0.018 -0.38   0.343  0.319 -0.477]]
Learning Rate : 0.01
Distance measure: 0.151
Time taken to converge as per expectation: inf s