
Playing the asymmetric EigenGame (Variant c, adagrad)...
Time taken: 493.6993291378021s
EigenVectors obtained through EigenGame:
[[-0.315  0.224 -0.108  0.256  0.349 -0.119  0.122 -0.24   0.648  0.377]
 [-0.316  0.512 -0.145 -0.164  0.526  0.017  0.169  0.229 -0.48  -0.061]
 [-0.317 -0.085 -0.053 -0.153 -0.227 -0.512  0.102 -0.633 -0.361  0.107]
 [-0.32  -0.474  0.039  0.457  0.192  0.001  0.394  0.033 -0.029 -0.518]
 [-0.315  0.48   0.383  0.301 -0.288 -0.045 -0.433 -0.046  0.067 -0.396]
 [-0.317 -0.311 -0.008 -0.607  0.257 -0.164 -0.404  0.104  0.302 -0.278]
 [-0.317 -0.244  0.69  -0.003  0.022  0.059  0.02   0.26  -0.163  0.515]
 [-0.315  0.073  0.005 -0.334 -0.26   0.726  0.288 -0.294  0.109 -0.07 ]
 [-0.315 -0.239 -0.489  0.315 -0.032  0.306 -0.533  0.017 -0.245  0.255]
 [-0.315  0.074 -0.317 -0.069 -0.543 -0.265  0.271  0.567  0.156  0.074]]
EigenVectors obtained through numpy:
[[-0.315  0.224 -0.052  0.003  0.461 -0.061  0.005 -0.315  0.703  0.198]
 [-0.316  0.501  0.133 -0.426  0.354 -0.036  0.247  0.291 -0.415  0.069]
 [-0.317 -0.087 -0.088  0.092 -0.183 -0.562  0.182 -0.577 -0.36   0.176]
 [-0.32  -0.465 -0.044  0.256  0.388  0.188  0.423  0.028 -0.09  -0.49 ]
 [-0.315  0.5    0.094  0.529 -0.12   0.061 -0.407 -0.037 -0.112 -0.405]
 [-0.317 -0.323  0.315 -0.448 -0.084 -0.378 -0.416  0.154  0.176 -0.342]
 [-0.317 -0.22   0.603  0.322 -0.102  0.162  0.025  0.218 -0.004  0.546]
 [-0.315  0.066  0.029 -0.376 -0.497  0.581  0.185 -0.342  0.093 -0.103]
 [-0.315 -0.25  -0.531 -0.073  0.184  0.28  -0.526  0.038 -0.261  0.303]
 [-0.315  0.066 -0.464  0.117 -0.407 -0.232  0.277  0.54   0.275  0.054]]
Learning Rate : 50
Distance measure: 1.277
Time taken to converge as per expectation: inf s