
Playing the asymmetric EigenGame (Variant c, adagrad)...
Time taken: 217.51577591896057s
EigenVectors obtained through EigenGame:
[[ 0.379 -0.277  0.067  0.556 -0.252 -0.286 -0.571]
 [ 0.379 -0.184 -0.552 -0.082  0.706 -0.042 -0.097]
 [ 0.375  0.22   0.283  0.381  0.187 -0.359  0.644]
 [ 0.377  0.425  0.557 -0.348  0.259  0.127 -0.403]
 [ 0.38  -0.618  0.268 -0.084 -0.097  0.562  0.27 ]
 [ 0.377 -0.08  -0.176 -0.612 -0.446 -0.481  0.105]
 [ 0.377  0.522 -0.445  0.19  -0.358  0.473  0.056]]
EigenVectors obtained through numpy:
[[ 0.379 -0.207 -0.01   0.574 -0.381 -0.514 -0.274]
 [ 0.379 -0.223 -0.558 -0.192  0.624 -0.21  -0.161]
 [ 0.375  0.268 -0.033  0.403  0.185  0.075  0.764]
 [ 0.377  0.422  0.658 -0.193  0.312 -0.214 -0.258]
 [ 0.38  -0.605  0.332  0.079  0.057  0.603 -0.075]
 [ 0.377 -0.163 -0.009 -0.654 -0.479 -0.22   0.355]
 [ 0.377  0.515 -0.38  -0.018 -0.319  0.477 -0.343]]
Learning Rate : 20
Distance measure: 1.119
Time taken to converge as per expectation: inf s