
Playing the asymmetric EigenGame (Variant a, rmsprop)...
Time taken: 154.09999299049377s
EigenVectors obtained through EigenGame:
[[ 0.447  0.601  0.383  0.482  0.244]
 [ 0.449 -0.671 -0.095  0.569 -0.138]
 [ 0.445  0.356 -0.445 -0.167 -0.668]
 [ 0.447 -0.245  0.644 -0.559 -0.119]
 [ 0.447 -0.045 -0.482 -0.321  0.679]]
EigenVectors obtained through numpy:
[[ 0.448  0.603  0.382  0.48   0.243]
 [ 0.449 -0.669 -0.094  0.568 -0.14 ]
 [ 0.443  0.357 -0.447 -0.168 -0.67 ]
 [ 0.447 -0.242  0.641 -0.563 -0.121]
 [ 0.449 -0.044 -0.484 -0.321  0.677]]
Learning Rate : 0.005
Distance measure: 0.009
Time taken to converge as per expectation: 154.09710597991943 s