
Playing the asymmetric EigenGame (Variant a, rmsprop)...
Time taken: 175.72438311576843s
EigenVectors obtained through EigenGame:
[[ 0.379 -0.207  0.565 -0.103  0.274 -0.476  0.428]
 [ 0.379 -0.223 -0.078  0.583  0.162  0.569  0.33 ]
 [ 0.375  0.268  0.403 -0.044 -0.764  0.196 -0.037]
 [ 0.377  0.422 -0.319 -0.609  0.254  0.263  0.272]
 [ 0.38  -0.604  0.012 -0.342  0.074  0.178 -0.58 ]
 [ 0.377 -0.163 -0.639  0.138 -0.354 -0.514  0.12 ]
 [ 0.377  0.515  0.057  0.375  0.345 -0.216 -0.531]]
EigenVectors obtained through numpy:
[[ 0.379 -0.207  0.574  0.01   0.274 -0.381  0.514]
 [ 0.379 -0.223 -0.192  0.558  0.161  0.624  0.21 ]
 [ 0.375  0.268  0.403  0.033 -0.764  0.185 -0.075]
 [ 0.377  0.422 -0.193 -0.658  0.258  0.312  0.214]
 [ 0.38  -0.605  0.079 -0.332  0.075  0.057 -0.603]
 [ 0.377 -0.163 -0.654  0.009 -0.355 -0.479  0.22 ]
 [ 0.377  0.515 -0.018  0.38   0.343 -0.319 -0.477]]
Learning Rate : 0.0005
Distance measure: 0.398
Time taken to converge as per expectation: inf s