
Playing the asymmetric EigenGame (Variant c, rmsprop)...
Time taken: 205.11773991584778s
EigenVectors obtained through EigenGame:
[[ 0.379 -0.179 -0.35  -0.689  0.324  0.326  0.156]
 [ 0.379 -0.409 -0.048  0.276  0.128 -0.527  0.561]
 [ 0.375  0.335 -0.328 -0.22  -0.673 -0.353 -0.109]
 [ 0.377  0.649  0.558 -0.097  0.296 -0.068  0.181]
 [ 0.38  -0.429  0.398 -0.089  0.048 -0.195 -0.677]
 [ 0.377 -0.183  0.252  0.253 -0.469  0.648  0.221]
 [ 0.377  0.223 -0.485  0.565  0.34   0.171 -0.331]]
EigenVectors obtained through numpy:
[[ 0.379 -0.207 -0.01  -0.574  0.274  0.381  0.514]
 [ 0.379 -0.223 -0.558  0.192  0.161 -0.624  0.21 ]
 [ 0.375  0.268 -0.033 -0.403 -0.764 -0.185 -0.075]
 [ 0.377  0.422  0.658  0.193  0.258 -0.312  0.214]
 [ 0.38  -0.605  0.332 -0.079  0.075 -0.057 -0.603]
 [ 0.377 -0.163 -0.009  0.654 -0.355  0.479  0.22 ]
 [ 0.377  0.515 -0.38   0.018  0.343  0.319 -0.477]]
Learning Rate : 5e-05
Distance measure: 1.356
Time taken to converge as per expectation: inf s