
Playing the asymmetric EigenGame (Variant b, adagrad)...
Time taken: 176.28084087371826s
EigenVectors obtained through EigenGame:
[[-0.379 -0.207 -0.572  0.053  0.274  0.348 -0.536]
 [-0.379 -0.223  0.226  0.549  0.145 -0.635 -0.171]
 [-0.375  0.268 -0.401  0.036 -0.765 -0.179  0.086]
 [-0.377  0.422  0.152 -0.661  0.275 -0.325 -0.194]
 [-0.38  -0.605 -0.099 -0.325  0.084 -0.02   0.606]
 [-0.377 -0.163  0.653 -0.041 -0.353  0.465 -0.249]
 [-0.377  0.515  0.042  0.388  0.333  0.347  0.457]]
EigenVectors obtained through numpy:
[[-0.379 -0.207 -0.574  0.01   0.274  0.381 -0.514]
 [-0.379 -0.223  0.192  0.558  0.161 -0.624 -0.21 ]
 [-0.375  0.268 -0.403  0.033 -0.764 -0.185  0.075]
 [-0.377  0.422  0.193 -0.658  0.258 -0.312 -0.214]
 [-0.38  -0.605 -0.079 -0.332  0.075 -0.057  0.603]
 [-0.377 -0.163  0.654  0.009 -0.355  0.479 -0.22 ]
 [-0.377  0.515  0.018  0.38   0.343  0.319  0.477]]
Learning Rate : 20
Distance measure: 0.128
Time taken to converge as per expectation: inf s