
Playing the asymmetric EigenGame (Variant c)...
Time taken: 368.45447993278503s
EigenVectors obtained through EigenGame:
[[ 0.315  0.224 -0.056  0.46   0.003  0.062  0.311  0.513 -0.484  0.198]
 [ 0.316  0.501  0.131  0.355 -0.426  0.033 -0.286 -0.475  0.103  0.069]
 [ 0.317 -0.087 -0.087 -0.183  0.088  0.563  0.58  -0.381  0.115  0.176]
 [ 0.32  -0.465 -0.047  0.388  0.257 -0.186 -0.023 -0.355 -0.246 -0.49 ]
 [ 0.315  0.5    0.095 -0.119  0.53  -0.058  0.034  0.197  0.373 -0.405]
 [ 0.317 -0.323  0.315 -0.082 -0.451  0.375 -0.159  0.411  0.182 -0.342]
 [ 0.317 -0.22   0.604 -0.097  0.323 -0.16  -0.217 -0.022 -0.017  0.546]
 [ 0.315  0.066  0.032 -0.496 -0.372 -0.584  0.343 -0.055 -0.197 -0.103]
 [ 0.315 -0.25  -0.532  0.18  -0.071 -0.281 -0.042  0.169  0.562  0.303]
 [ 0.315  0.066 -0.461 -0.411  0.116  0.233 -0.539  0.006 -0.392  0.054]]
EigenVectors obtained through numpy:
[[ 0.315  0.224 -0.052  0.461  0.003  0.061  0.315  0.703 -0.005  0.198]
 [ 0.316  0.501  0.133  0.354 -0.426  0.036 -0.291 -0.415 -0.247  0.069]
 [ 0.317 -0.087 -0.088 -0.183  0.092  0.562  0.577 -0.36  -0.182  0.176]
 [ 0.32  -0.465 -0.044  0.388  0.256 -0.188 -0.028 -0.09  -0.423 -0.49 ]
 [ 0.315  0.5    0.094 -0.12   0.529 -0.061  0.037 -0.112  0.407 -0.405]
 [ 0.317 -0.323  0.315 -0.084 -0.448  0.378 -0.154  0.176  0.416 -0.342]
 [ 0.317 -0.22   0.603 -0.102  0.322 -0.162 -0.218 -0.004 -0.025  0.546]
 [ 0.315  0.066  0.029 -0.497 -0.376 -0.581  0.342  0.093 -0.185 -0.103]
 [ 0.315 -0.25  -0.531  0.184 -0.073 -0.28  -0.038 -0.261  0.526  0.303]
 [ 0.315  0.066 -0.464 -0.407  0.117  0.232 -0.54   0.275 -0.277  0.054]]
Learning Rate : 1e-06
Distance measure: 1.04
Time taken to converge as per expectation: inf s