
Playing the asymmetric EigenGame (Variant a, adagrad)...
Time taken: 180.00962829589844s
EigenVectors obtained through EigenGame:
[[ 0.379  0.441 -0.181  0.677  0.247 -0.194  0.166]
 [ 0.379 -0.547 -0.03   0.114  0.248 -0.143 -0.154]
 [ 0.375  0.394 -0.091 -0.353 -0.239  0.062 -0.236]
 [ 0.377  0.153  0.449 -0.047 -0.476 -0.604  0.429]
 [ 0.38   0.216 -0.171  0.33   0.021  0.507 -0.567]
 [ 0.377 -0.145  0.612 -0.388  0.625  0.53   0.562]
 [ 0.377 -0.509 -0.594 -0.378 -0.45  -0.19  -0.267]]
EigenVectors obtained through numpy:
[[ 0.379 -0.01  -0.574  0.274  0.207  0.381  0.514]
 [ 0.379 -0.558  0.192  0.161  0.223 -0.624  0.21 ]
 [ 0.375 -0.033 -0.403 -0.764 -0.268 -0.185 -0.075]
 [ 0.377  0.658  0.193  0.258 -0.422 -0.312  0.214]
 [ 0.38   0.332 -0.079  0.075  0.605 -0.057 -0.603]
 [ 0.377 -0.009  0.654 -0.355  0.163  0.479  0.22 ]
 [ 0.377 -0.38   0.018  0.343 -0.515  0.319 -0.477]]
Learning Rate : 0.01
Distance measure: 2.189
Time taken to converge as per expectation: inf s