
Playing the asymmetric EigenGame (Variant b, rmsprop)...
Time taken: 244.74011707305908s
EigenVectors obtained through EigenGame:
[[ 0.379  0.211 -0.565 -0.086 -0.272  0.395 -0.5  ]
 [ 0.379  0.227  0.1    0.579 -0.155 -0.619 -0.227]
 [ 0.375 -0.264 -0.4   -0.04   0.766 -0.19   0.072]
 [ 0.377 -0.418  0.301 -0.619 -0.258 -0.308 -0.221]
 [ 0.38   0.608 -0.019 -0.345 -0.073 -0.082  0.606]
 [ 0.377  0.166  0.647  0.11   0.358  0.481 -0.201]
 [ 0.377 -0.511 -0.044  0.378 -0.34   0.302  0.488]]
EigenVectors obtained through numpy:
[[ 0.379  0.207 -0.574  0.01  -0.274  0.381 -0.514]
 [ 0.379  0.223  0.192  0.558 -0.161 -0.624 -0.21 ]
 [ 0.375 -0.268 -0.403  0.033  0.764 -0.185  0.075]
 [ 0.377 -0.422  0.193 -0.658 -0.258 -0.312 -0.214]
 [ 0.38   0.605 -0.079 -0.332 -0.075 -0.057  0.603]
 [ 0.377  0.163  0.654  0.009  0.355  0.479 -0.22 ]
 [ 0.377 -0.515  0.018  0.38  -0.343  0.319  0.477]]
Learning Rate : 0.01
Distance measure: 0.239
Time taken to converge as per expectation: inf s