
Playing the asymmetric EigenGame (Variant b, rmsprop)...
Time taken: 255.7388801574707s
EigenVectors obtained through EigenGame:
[[ 0.379 -0.206  0.013  0.573 -0.281  0.36  -0.526]
 [ 0.379 -0.223 -0.549 -0.186 -0.187 -0.633 -0.189]
 [ 0.375  0.268 -0.075  0.406  0.762 -0.173  0.08 ]
 [ 0.377  0.422  0.67  -0.201 -0.213 -0.321 -0.203]
 [ 0.38  -0.605  0.337  0.076 -0.054 -0.038  0.605]
 [ 0.377 -0.163 -0.038 -0.652  0.349  0.476 -0.236]
 [ 0.377  0.515 -0.359 -0.015 -0.369  0.33   0.467]]
EigenVectors obtained through numpy:
[[ 0.379 -0.207 -0.01   0.574 -0.274  0.381 -0.514]
 [ 0.379 -0.223 -0.558 -0.192 -0.161 -0.624 -0.21 ]
 [ 0.375  0.268 -0.033  0.403  0.764 -0.185  0.075]
 [ 0.377  0.422  0.658 -0.193 -0.258 -0.312 -0.214]
 [ 0.38  -0.605  0.332  0.079 -0.075 -0.057  0.603]
 [ 0.377 -0.163 -0.009 -0.654  0.355  0.479 -0.22 ]
 [ 0.377  0.515 -0.38  -0.018 -0.343  0.319  0.477]]
Learning Rate : 0.0001
Distance measure: 0.101
Time taken to converge as per expectation: inf s