
Playing the asymmetric EigenGame (Variant a, adagrad)...
Time taken: 188.72104287147522s
EigenVectors obtained through EigenGame:
[[-0.37  -0.223 -0.571 -0.018  0.272 -0.36   0.528]
 [-0.376 -0.239  0.175  0.561  0.172  0.63   0.184]
 [-0.376  0.253 -0.401  0.028 -0.763  0.185 -0.084]
 [-0.374  0.406  0.221 -0.655  0.249  0.319  0.201]
 [-0.391 -0.619 -0.062 -0.338  0.071  0.033 -0.607]
 [-0.373 -0.178  0.655  0.037 -0.356 -0.47   0.238]
 [-0.386  0.499  0.006  0.373  0.348 -0.339 -0.464]]
EigenVectors obtained through numpy:
[[-0.379 -0.207 -0.574  0.01   0.274 -0.381  0.514]
 [-0.379 -0.223  0.192  0.558  0.161  0.624  0.21 ]
 [-0.375  0.268 -0.403  0.033 -0.764  0.185 -0.075]
 [-0.377  0.422  0.193 -0.658  0.258  0.312  0.214]
 [-0.38  -0.605 -0.079 -0.332  0.075  0.057 -0.603]
 [-0.377 -0.163  0.654  0.009 -0.355 -0.479  0.22 ]
 [-0.377  0.515  0.018  0.38   0.343 -0.319 -0.477]]
Learning Rate : 50
Distance measure: 0.093
Time taken to converge as per expectation: inf s