
Playing the asymmetric EigenGame (Variant a, momentum)...
Time taken: 179.68360137939453s
EigenVectors obtained through EigenGame:
[[ 0.379  0.169  0.075  0.559  0.329 -0.609 -0.17 ]
 [ 0.379  0.179 -0.272 -0.019 -0.791 -0.257  0.23 ]
 [ 0.375 -0.118  0.508  0.322  0.     0.397  0.566]
 [ 0.377 -0.394  0.44  -0.616  0.013 -0.332 -0.142]
 [ 0.38   0.602  0.18  -0.141 -0.029  0.433 -0.506]
 [ 0.377  0.172 -0.515 -0.351  0.514  0.043  0.415]
 [ 0.377 -0.615 -0.414  0.247 -0.033  0.327 -0.386]]
EigenVectors obtained through numpy:
[[ 0.379  0.207 -0.01   0.574  0.381 -0.514 -0.274]
 [ 0.379  0.223 -0.558 -0.192 -0.624 -0.21  -0.161]
 [ 0.375 -0.268 -0.033  0.403 -0.185  0.075  0.764]
 [ 0.377 -0.422  0.658 -0.193 -0.312 -0.214 -0.258]
 [ 0.38   0.605  0.332  0.079 -0.057  0.603 -0.075]
 [ 0.377  0.163 -0.009 -0.654  0.479 -0.22   0.355]
 [ 0.377 -0.515 -0.38  -0.018  0.319  0.477 -0.343]]
Learning Rate : 5e-08
Distance measure: 1.458
Time taken to converge as per expectation: inf s