
Playing the asymmetric EigenGame (Variant b, adagrad)...
Time taken: 241.98417401313782s
EigenVectors obtained through EigenGame:
[[-0.379  0.207 -0.572  0.031  0.277  0.387 -0.509]
 [-0.379  0.223  0.139 -0.58   0.134 -0.621 -0.218]
 [-0.375 -0.268 -0.406  0.04  -0.762 -0.185  0.073]
 [-0.377 -0.422  0.254  0.624  0.286 -0.309 -0.218]
 [-0.38   0.605 -0.047  0.334  0.091 -0.065  0.603]
 [-0.377  0.163  0.649 -0.054 -0.358  0.482 -0.214]
 [-0.377 -0.515 -0.017 -0.396  0.325  0.313  0.482]]
EigenVectors obtained through numpy:
[[-0.379  0.207 -0.574 -0.01   0.274  0.381 -0.514]
 [-0.379  0.223  0.192 -0.558  0.161 -0.624 -0.21 ]
 [-0.375 -0.268 -0.403 -0.033 -0.764 -0.185  0.075]
 [-0.377 -0.422  0.193  0.658  0.258 -0.312 -0.214]
 [-0.38   0.605 -0.079  0.332  0.075 -0.057  0.603]
 [-0.377  0.163  0.654 -0.009 -0.355  0.479 -0.22 ]
 [-0.377 -0.515  0.018 -0.38   0.343  0.319  0.477]]
Learning Rate : 30
Distance measure: 0.149
Time taken to converge as per expectation: inf s