
Playing the asymmetric EigenGame (Variant b, adagrad)...
Time taken: 86.45235419273376s
EigenVectors obtained through EigenGame:
[[-0.448  0.618  0.358 -0.479  0.243]
 [-0.449 -0.673 -0.066 -0.568 -0.14 ]
 [-0.443  0.339 -0.461  0.167 -0.67 ]
 [-0.447 -0.216  0.649  0.563 -0.121]
 [-0.449 -0.064 -0.482  0.321  0.677]]
EigenVectors obtained through numpy:
[[-0.448  0.603  0.382 -0.48   0.243]
 [-0.449 -0.669 -0.094 -0.568 -0.14 ]
 [-0.443  0.357 -0.447  0.168 -0.67 ]
 [-0.447 -0.242  0.641  0.563 -0.121]
 [-0.449 -0.044 -0.484  0.321  0.677]]
Learning Rate : 35
Distance measure: 0.057
Time taken to converge as per expectation: inf s