
Playing the asymmetric EigenGame (Variant a, momentum)...
Time taken: 169.63410806655884s
EigenVectors obtained through EigenGame:
[[-0.254 -0.164 -0.176  0.012 -0.767  0.034 -0.378]
 [-0.323 -0.158 -0.604  0.312  0.257 -0.15   0.629]
 [-0.382  0.341  0.305  0.163 -0.104 -0.845  0.083]
 [-0.32   0.472  0.194 -0.486  0.099  0.179  0.075]
 [-0.506 -0.475  0.377  0.15   0.246 -0.025 -0.384]
 [-0.318 -0.1   -0.504 -0.371  0.325 -0.3   -0.471]
 [-0.475  0.611 -0.278  0.693  0.399  0.374 -0.282]]
EigenVectors obtained through numpy:
[[-0.379 -0.207  0.514  0.01  -0.574  0.274 -0.381]
 [-0.379 -0.223  0.21   0.558  0.192  0.161  0.624]
 [-0.375  0.268 -0.075  0.033 -0.403 -0.764  0.185]
 [-0.377  0.422  0.214 -0.658  0.193  0.258  0.312]
 [-0.38  -0.605 -0.603 -0.332 -0.079  0.075  0.057]
 [-0.377 -0.163  0.22   0.009  0.654 -0.355 -0.479]
 [-0.377  0.515 -0.477  0.38   0.018  0.343 -0.319]]
Learning Rate : 1
Distance measure: 2.104
Time taken to converge as per expectation: inf s