
Playing the asymmetric EigenGame (Variant a, rmsprop)...
Time taken: 186.48544216156006s
EigenVectors obtained through EigenGame:
[[ 0.414 -0.237  0.629 -0.021  0.301  0.16  -0.604]
 [ 0.393 -0.255 -0.118 -0.578  0.116  0.614  0.351]
 [ 0.369  0.233  0.414  0.054 -0.797  0.173  0.145]
 [ 0.391  0.388 -0.166  0.582  0.326  0.21   0.106]
 [ 0.337 -0.64   0.074  0.228 -0.003 -0.463  0.37 ]
 [ 0.392 -0.194 -0.621  0.012 -0.361  0.018 -0.583]
 [ 0.343  0.476 -0.031 -0.522  0.159 -0.555 -0.044]]
EigenVectors obtained through numpy:
[[ 0.379 -0.207  0.574 -0.01   0.274  0.514 -0.381]
 [ 0.379 -0.223 -0.192 -0.558  0.161  0.21   0.624]
 [ 0.375  0.268  0.403 -0.033 -0.764 -0.075  0.185]
 [ 0.377  0.422 -0.193  0.658  0.258  0.214  0.312]
 [ 0.38  -0.605  0.079  0.332  0.075 -0.603  0.057]
 [ 0.377 -0.163 -0.654 -0.009 -0.355  0.22  -0.479]
 [ 0.377  0.515 -0.018 -0.38   0.343 -0.477 -0.319]]
Learning Rate : 0.1
Distance measure: 0.942
Time taken to converge as per expectation: inf s