
Playing the asymmetric EigenGame (Variant a, momentum)...
Time taken: 178.43838000297546s
EigenVectors obtained through EigenGame:
[[-0.256 -0.327  0.484 -0.124 -0.374  0.29   0.052]
 [-0.324 -0.323  0.165 -0.433  0.365 -0.131 -0.568]
 [-0.383  0.17   0.401  0.328 -0.219 -0.701 -0.065]
 [-0.321  0.3   -0.501  0.077 -0.356  0.133 -0.713]
 [-0.504 -0.641  0.145  0.803  0.511  0.215  0.043]
 [-0.319 -0.265 -0.475 -0.197 -0.021 -0.584  0.381]
 [-0.474  0.433  0.281  0.013  0.539  0.04   0.122]]
EigenVectors obtained through numpy:
[[-0.379 -0.207  0.574 -0.01  -0.514  0.274  0.381]
 [-0.379 -0.223 -0.192 -0.558 -0.21   0.161 -0.624]
 [-0.375  0.268  0.403 -0.033  0.075 -0.764 -0.185]
 [-0.377  0.422 -0.193  0.658 -0.214  0.258 -0.312]
 [-0.38  -0.605  0.079  0.332  0.603  0.075 -0.057]
 [-0.377 -0.163 -0.654 -0.009 -0.22  -0.355  0.479]
 [-0.377  0.515 -0.018 -0.38   0.477  0.343  0.319]]
Learning Rate : 0.005
Distance measure: 1.582
Time taken to converge as per expectation: inf s