
Playing the asymmetric EigenGame (Variant c, adagrad)...
Time taken: 184.28973388671875s
EigenVectors obtained through EigenGame:
[[0.317 0.33  0.22  0.546 0.574 0.281 0.646]
 [0.11  0.366 0.293 0.567 0.102 0.499 0.335]
 [0.297 0.23  0.028 0.064 0.375 0.354 0.096]
 [0.336 0.17  0.771 0.039 0.397 0.214 0.258]
 [0.089 0.57  0.496 0.241 0.286 0.452 0.551]
 [0.653 0.022 0.154 0.527 0.493 0.49  0.022]
 [0.502 0.592 0.002 0.195 0.192 0.238 0.3  ]]
EigenVectors obtained through numpy:
[[ 0.381 -0.514 -0.01   0.207  0.274  0.379  0.574]
 [-0.624 -0.21  -0.558  0.223  0.161  0.379 -0.192]
 [-0.185  0.075 -0.033 -0.268 -0.764  0.375  0.403]
 [-0.312 -0.214  0.658 -0.422  0.258  0.377 -0.193]
 [-0.057  0.603  0.332  0.605  0.075  0.38   0.079]
 [ 0.479 -0.22  -0.009  0.163 -0.355  0.377 -0.654]
 [ 0.319  0.477 -0.38  -0.515  0.343  0.377 -0.018]]
Learning Rate : 1e-07
Distance measure: 2.921
Time taken to converge as per expectation: inf s