
Playing the asymmetric EigenGame (Variant b, momentum)...
Time taken: 263.40396785736084s
EigenVectors obtained through EigenGame:
[[ 0.379  0.596  0.244 -0.357  0.326 -0.446  0.129]
 [ 0.379 -0.139  0.369 -0.14   0.4    0.672 -0.26 ]
 [ 0.375  0.272 -0.554  0.115 -0.053  0.412  0.544]
 [ 0.377 -0.167 -0.555  0.226  0.331 -0.289 -0.523]
 [ 0.38   0.31   0.306  0.539 -0.542  0.012 -0.274]
 [ 0.377 -0.588  0.289  0.269  0.102 -0.306  0.507]
 [ 0.378 -0.287 -0.108 -0.653 -0.564 -0.055 -0.117]]
EigenVectors obtained through numpy:
[[ 0.379  0.574  0.207 -0.01   0.514 -0.381 -0.274]
 [ 0.379 -0.192  0.223 -0.558  0.21   0.624 -0.161]
 [ 0.375  0.403 -0.268 -0.033 -0.075  0.185  0.764]
 [ 0.377 -0.193 -0.422  0.658  0.214  0.312 -0.258]
 [ 0.38   0.079  0.605  0.332 -0.603  0.057 -0.075]
 [ 0.377 -0.654  0.163 -0.009  0.22  -0.479  0.355]
 [ 0.377 -0.018 -0.515 -0.38  -0.477 -0.319 -0.343]]
Learning Rate : 5e-07
Distance measure: 1.509
Time taken to converge as per expectation: inf s