
Playing the asymmetric EigenGame (Variant c, adagrad)...
Time taken: 423.4490351676941s
EigenVectors obtained through EigenGame:
[[-0.315  0.339 -0.38   0.002 -0.168  0.091  0.159  0.731  0.158 -0.159]
 [-0.316  0.546 -0.224 -0.242 -0.172 -0.347  0.105 -0.461 -0.342 -0.056]
 [-0.317 -0.127  0.191  0.084 -0.462  0.423 -0.479  0.017 -0.428 -0.188]
 [-0.32  -0.333 -0.492  0.135  0.328  0.016 -0.059  0.038 -0.356  0.533]
 [-0.315  0.444  0.24  -0.107  0.343  0.411 -0.272 -0.135  0.37   0.343]
 [-0.317 -0.382 -0.006 -0.323 -0.533 -0.02   0.222 -0.158  0.444  0.306]
 [-0.317 -0.313  0.024 -0.52   0.45   0.144  0.157 -0.031 -0.051 -0.528]
 [-0.315 -0.072  0.481 -0.05   0.101 -0.669 -0.273  0.342 -0.037  0.105]
 [-0.315 -0.115 -0.247  0.557  0.068 -0.19  -0.233 -0.299  0.424 -0.388]
 [-0.315  0.024  0.42   0.466  0.044  0.137  0.674 -0.038 -0.173  0.027]]
EigenVectors obtained through numpy:
[[-0.315  0.224 -0.461  0.052 -0.061  0.003 -0.315  0.703 -0.005 -0.198]
 [-0.316  0.501 -0.354 -0.133 -0.036 -0.426  0.291 -0.415 -0.247 -0.069]
 [-0.317 -0.087  0.183  0.088 -0.562  0.092 -0.577 -0.36  -0.182 -0.176]
 [-0.32  -0.465 -0.388  0.044  0.188  0.256  0.028 -0.09  -0.423  0.49 ]
 [-0.315  0.5    0.12  -0.094  0.061  0.529 -0.037 -0.112  0.407  0.405]
 [-0.317 -0.323  0.084 -0.315 -0.378 -0.448  0.154  0.176  0.416  0.342]
 [-0.317 -0.22   0.102 -0.603  0.162  0.322  0.218 -0.004 -0.025 -0.546]
 [-0.315  0.066  0.497 -0.029  0.581 -0.376 -0.342  0.093 -0.185  0.103]
 [-0.315 -0.25  -0.184  0.531  0.28  -0.073  0.038 -0.261  0.526 -0.303]
 [-0.315  0.066  0.407  0.464 -0.232  0.117  0.54   0.275 -0.277 -0.054]]
Learning Rate : 35
Distance measure: 1.528
Time taken to converge as per expectation: inf s