
Playing the asymmetric EigenGame (Variant a, rmsprop)...
Time taken: 186.706209897995s
EigenVectors obtained through EigenGame:
[[0.286 0.29  0.256 0.319 0.435 0.45  0.038]
 [0.444 0.672 0.132 0.454 0.489 0.2   0.232]
 [0.052 0.13  0.287 0.338 0.299 0.168 0.475]
 [0.013 0.385 0.29  0.061 0.38  0.215 0.303]
 [0.565 0.068 0.295 0.248 0.203 0.668 0.196]
 [0.413 0.238 0.58  0.443 0.325 0.24  0.562]
 [0.478 0.488 0.572 0.561 0.437 0.422 0.522]]
EigenVectors obtained through numpy:
[[ 0.207  0.274  0.381  0.01   0.379 -0.514 -0.574]
 [ 0.223  0.161 -0.624  0.558  0.379 -0.21   0.192]
 [-0.268 -0.764 -0.185  0.033  0.375  0.075 -0.403]
 [-0.422  0.258 -0.312 -0.658  0.377 -0.214  0.193]
 [ 0.605  0.075 -0.057 -0.332  0.38   0.603 -0.079]
 [ 0.163 -0.355  0.479  0.009  0.377 -0.22   0.654]
 [-0.515  0.343  0.319  0.38   0.377  0.477  0.018]]
Learning Rate : 5e-08
Distance measure: 2.925
Time taken to converge as per expectation: inf s