
Playing the asymmetric EigenGame (Variant c)...
Time taken: 104.05818796157837s
EigenVectors obtained through EigenGame:
[[ 0.448  0.477  0.506  0.507 -0.239]
 [ 0.449 -0.604 -0.317  0.558  0.144]
 [ 0.443  0.468 -0.315 -0.201  0.668]
 [ 0.447 -0.425  0.581 -0.52   0.117]
 [ 0.449  0.091 -0.455 -0.348 -0.68 ]]
EigenVectors obtained through numpy:
[[ 0.448  0.603  0.382  0.48  -0.243]
 [ 0.449 -0.669 -0.094  0.568  0.14 ]
 [ 0.443  0.357 -0.447 -0.168  0.67 ]
 [ 0.447 -0.242  0.641 -0.563  0.121]
 [ 0.449 -0.044 -0.484 -0.321 -0.677]]
Learning Rate : 20
Distance measure: 0.419
Time taken to converge as per expectation: inf s