
Playing the asymmetric EigenGame (Variant c)...
Time taken: 87.86971306800842s
EigenVectors obtained through EigenGame:
[[ 0.448  0.604  0.379  0.482 -0.243]
 [ 0.449 -0.669 -0.097  0.567  0.139]
 [ 0.443  0.357 -0.447 -0.17   0.669]
 [ 0.447 -0.242  0.644 -0.559  0.121]
 [ 0.449 -0.045 -0.482 -0.324 -0.677]]
EigenVectors obtained through numpy:
[[ 0.448  0.603  0.382  0.48  -0.243]
 [ 0.449 -0.669 -0.094  0.568  0.14 ]
 [ 0.443  0.357 -0.447 -0.168  0.67 ]
 [ 0.447 -0.242  0.641 -0.563  0.121]
 [ 0.449 -0.044 -0.484 -0.321 -0.677]]
Learning Rate : 0.0005
Distance measure: 0.009
Time taken to converge as per expectation: 84.9516077041626 s