
Playing the asymmetric EigenGame (Variant b, rmsprop)...
Time taken: 345.55583596229553s
EigenVectors obtained through EigenGame:
[[ 0.379 -0.207  0.574  0.025 -0.269  0.347  0.539]
 [ 0.379 -0.223 -0.161 -0.565 -0.177 -0.635  0.166]
 [ 0.375  0.268  0.405 -0.022  0.761 -0.189 -0.088]
 [ 0.377  0.422 -0.228  0.65  -0.253 -0.323  0.192]
 [ 0.38  -0.604  0.061  0.337 -0.071 -0.015 -0.606]
 [ 0.377 -0.163 -0.652 -0.049  0.36   0.458  0.253]
 [ 0.377  0.515  0.003 -0.376 -0.344  0.356 -0.454]]
EigenVectors obtained through numpy:
[[ 0.379 -0.207  0.574 -0.01  -0.274  0.381  0.514]
 [ 0.379 -0.223 -0.192 -0.558 -0.161 -0.624  0.21 ]
 [ 0.375  0.268  0.403 -0.033  0.764 -0.185 -0.075]
 [ 0.377  0.422 -0.193  0.658 -0.258 -0.312  0.214]
 [ 0.38  -0.605  0.079  0.332 -0.075 -0.057 -0.603]
 [ 0.377 -0.163 -0.654 -0.009  0.355  0.479  0.22 ]
 [ 0.377  0.515 -0.018 -0.38  -0.343  0.319 -0.477]]
Learning Rate : 0.0005
Distance measure: 0.127
Time taken to converge as per expectation: inf s