
Playing the asymmetric EigenGame (Variant c, adagrad)...
Time taken: 372.5938618183136s
EigenVectors obtained through EigenGame:
[[-0.315  0.008  0.302  0.453 -0.009 -0.209  0.192  0.468 -0.544  0.097]
 [-0.316  0.225  0.264  0.405  0.502  0.247  0.081 -0.507  0.173  0.054]
 [-0.317  0.057 -0.185 -0.241  0.094 -0.63  -0.304 -0.431 -0.331  0.111]
 [-0.32  -0.543  0.174  0.023 -0.22   0.112 -0.27   0.009  0.274  0.603]
 [-0.315  0.504 -0.178  0.231 -0.208 -0.147 -0.416  0.319  0.455 -0.116]
 [-0.317 -0.344 -0.284 -0.125  0.446 -0.285  0.406  0.279  0.37  -0.159]
 [-0.317 -0.259 -0.572  0.317 -0.32   0.334  0.052 -0.223 -0.235 -0.3  ]
 [-0.315  0.24  -0.172 -0.484  0.309  0.516 -0.152  0.283 -0.281  0.19 ]
 [-0.315 -0.209  0.542 -0.286 -0.106  0.075 -0.207 -0.025  0.003 -0.648]
 [-0.315  0.333  0.112 -0.294 -0.489 -0.012  0.62  -0.169  0.111  0.161]]
EigenVectors obtained through numpy:
[[-0.315  0.224  0.052  0.461 -0.003 -0.061 -0.315  0.703 -0.198  0.005]
 [-0.316  0.501 -0.133  0.354  0.426 -0.036  0.291 -0.415 -0.069  0.247]
 [-0.317 -0.087  0.088 -0.183 -0.092 -0.562 -0.577 -0.36  -0.176  0.182]
 [-0.32  -0.465  0.044  0.388 -0.256  0.188  0.028 -0.09   0.49   0.423]
 [-0.315  0.5   -0.094 -0.12  -0.529  0.061 -0.037 -0.112  0.405 -0.407]
 [-0.317 -0.323 -0.315 -0.084  0.448 -0.378  0.154  0.176  0.342 -0.416]
 [-0.317 -0.22  -0.603 -0.102 -0.322  0.162  0.218 -0.004 -0.546  0.025]
 [-0.315  0.066 -0.029 -0.497  0.376  0.581 -0.342  0.093  0.103  0.185]
 [-0.315 -0.25   0.531  0.184  0.073  0.28   0.038 -0.261 -0.303 -0.526]
 [-0.315  0.066  0.464 -0.407 -0.117 -0.232  0.54   0.275 -0.054  0.277]]
Learning Rate : 25
Distance measure: 2.097
Time taken to converge as per expectation: inf s