
Playing the asymmetric EigenGame (Variant c)...
Time taken: 122.11099696159363s
EigenVectors obtained through EigenGame:
[[-0.448  0.57   0.464 -0.446 -0.244]
 [-0.449 -0.657 -0.109 -0.579  0.139]
 [-0.443  0.393 -0.427  0.138  0.67 ]
 [-0.447 -0.297  0.577  0.603  0.122]
 [-0.449 -0.004 -0.508  0.287 -0.677]]
EigenVectors obtained through numpy:
[[-0.448  0.603  0.382 -0.48  -0.243]
 [-0.449 -0.669 -0.094 -0.568  0.14 ]
 [-0.443  0.357 -0.447  0.168  0.67 ]
 [-0.447 -0.242  0.641  0.563  0.121]
 [-0.449 -0.044 -0.484  0.321 -0.677]]
Learning Rate : 20
Distance measure: 0.155
Time taken to converge as per expectation: inf s