
Playing the asymmetric EigenGame (Variant a, rmsprop)...
Time taken: 181.56312203407288s
EigenVectors obtained through EigenGame:
[[ 0.375 -0.204  0.576  0.01  -0.278 -0.456  0.455]
 [ 0.378 -0.22  -0.191  0.554 -0.162  0.582  0.301]
 [ 0.376  0.271  0.406  0.027  0.761  0.19  -0.044]
 [ 0.376  0.425 -0.188 -0.66  -0.265  0.274  0.26 ]
 [ 0.385 -0.602  0.083 -0.335 -0.08   0.143 -0.586]
 [ 0.376 -0.16  -0.651  0.001  0.35  -0.51   0.15 ]
 [ 0.381  0.518 -0.016  0.379 -0.344 -0.248 -0.517]]
EigenVectors obtained through numpy:
[[ 0.379 -0.207  0.574  0.01  -0.274 -0.381  0.514]
 [ 0.379 -0.223 -0.192  0.558 -0.161  0.624  0.21 ]
 [ 0.375  0.268  0.403  0.033  0.764  0.185 -0.075]
 [ 0.377  0.422 -0.193 -0.658 -0.258  0.312  0.214]
 [ 0.38  -0.605  0.079 -0.332 -0.075  0.057 -0.603]
 [ 0.377 -0.163 -0.654  0.009  0.355 -0.479  0.22 ]
 [ 0.377  0.515 -0.018  0.38  -0.343 -0.319 -0.477]]
Learning Rate : 0.01
Distance measure: 0.211
Time taken to converge as per expectation: inf s