
Playing the asymmetric EigenGame (Variant c, momentum)...
Time taken: 204.22482919692993s
EigenVectors obtained through EigenGame:
[[ 0.379 -0.368 -0.047 -0.365  0.246 -0.25  -0.681]
 [ 0.379 -0.211  0.623  0.324  0.153 -0.437  0.321]
 [ 0.375  0.159 -0.529 -0.364  0.01  -0.397  0.505]
 [ 0.377  0.414  0.325 -0.221 -0.705  0.031 -0.183]
 [ 0.381 -0.6   -0.068 -0.065 -0.203  0.606  0.279]
 [ 0.377  0.114 -0.448  0.756 -0.107 -0.026 -0.257]
 [ 0.377  0.501  0.138 -0.068  0.605  0.469  0.017]]
EigenVectors obtained through numpy:
[[ 0.379 -0.207  0.274 -0.574  0.01  -0.514 -0.381]
 [ 0.379 -0.223  0.161  0.192  0.558 -0.21   0.624]
 [ 0.375  0.268 -0.764 -0.403  0.033  0.075  0.185]
 [ 0.377  0.422  0.258  0.193 -0.658 -0.214  0.312]
 [ 0.38  -0.605  0.075 -0.079 -0.332  0.603  0.057]
 [ 0.377 -0.163 -0.355  0.654  0.009 -0.22  -0.479]
 [ 0.377  0.515  0.343  0.018  0.38   0.477 -0.319]]
Learning Rate : 1e-07
Distance measure: 1.516
Time taken to converge as per expectation: inf s