
Playing the asymmetric EigenGame (Variant a, adagrad)...
Time taken: 170.44133687019348s
EigenVectors obtained through EigenGame:
[[-0.379  0.207  0.574  0.008 -0.277 -0.43   0.472]
 [-0.379  0.223 -0.167 -0.569 -0.145  0.6    0.271]
 [-0.375 -0.268  0.405  0.004  0.765  0.188 -0.055]
 [-0.377 -0.422 -0.222  0.642 -0.273  0.29   0.244]
 [-0.38   0.605  0.064  0.334 -0.082  0.119 -0.595]
 [-0.377  0.163 -0.653 -0.029  0.353 -0.501  0.171]
 [-0.377 -0.515 -0.001 -0.389 -0.334 -0.267 -0.508]]
EigenVectors obtained through numpy:
[[-0.379  0.207  0.574 -0.01  -0.274 -0.381  0.514]
 [-0.379  0.223 -0.192 -0.558 -0.161  0.624  0.21 ]
 [-0.375 -0.268  0.403 -0.033  0.764  0.185 -0.075]
 [-0.377 -0.422 -0.193  0.658 -0.258  0.312  0.214]
 [-0.38   0.605  0.079  0.332 -0.075  0.057 -0.603]
 [-0.377  0.163 -0.654 -0.009  0.355 -0.479  0.22 ]
 [-0.377 -0.515 -0.018 -0.38  -0.343 -0.319 -0.477]]
Learning Rate : 10
Distance measure: 0.161
Time taken to converge as per expectation: inf s