
Playing the asymmetric EigenGame (Variant c, rmsprop)...
Time taken: 207.93257308006287s
EigenVectors obtained through EigenGame:
[[ 0.379  0.207 -0.572 -0.075  0.287  0.444 -0.449]
 [ 0.379  0.223  0.096  0.586  0.128 -0.59  -0.299]
 [ 0.375 -0.268 -0.39  -0.056 -0.776 -0.168  0.039]
 [ 0.377 -0.422  0.292 -0.61   0.274 -0.286 -0.255]
 [ 0.38   0.605 -0.025 -0.338  0.074 -0.15   0.589]
 [ 0.377  0.162  0.65   0.104 -0.327  0.518 -0.15 ]
 [ 0.377 -0.515 -0.05   0.388  0.334  0.232  0.523]]
EigenVectors obtained through numpy:
[[ 0.379  0.207 -0.574  0.01   0.274  0.381 -0.514]
 [ 0.379  0.223  0.192  0.558  0.161 -0.624 -0.21 ]
 [ 0.375 -0.268 -0.403  0.033 -0.764 -0.185  0.075]
 [ 0.377 -0.422  0.193 -0.658  0.258 -0.312 -0.214]
 [ 0.38   0.605 -0.079 -0.332  0.075 -0.057  0.603]
 [ 0.377  0.163  0.654  0.009 -0.355  0.479 -0.22 ]
 [ 0.377 -0.515  0.018  0.38   0.343  0.319  0.477]]
Learning Rate : 0.0001
Distance measure: 0.321
Time taken to converge as per expectation: inf s