
Playing the asymmetric EigenGame (Variant c, momentum)...
Time taken: 187.31849479675293s
EigenVectors obtained through EigenGame:
[[ 0.379 -0.205 -0.565 -0.119  0.283  0.364  0.518]
 [ 0.379 -0.224  0.082  0.576  0.175 -0.629  0.203]
 [ 0.375  0.269 -0.404  0.009 -0.771 -0.155 -0.077]
 [ 0.377  0.422  0.316 -0.623  0.204 -0.327  0.21 ]
 [ 0.38  -0.604 -0.016 -0.346  0.051 -0.055 -0.604]
 [ 0.377 -0.165  0.639  0.152 -0.328  0.49   0.225]
 [ 0.377  0.515 -0.052  0.351  0.379  0.313 -0.474]]
EigenVectors obtained through numpy:
[[ 0.379 -0.207 -0.574  0.01   0.274  0.381  0.514]
 [ 0.379 -0.223  0.192  0.558  0.161 -0.624  0.21 ]
 [ 0.375  0.268 -0.403  0.033 -0.764 -0.185 -0.075]
 [ 0.377  0.422  0.193 -0.658  0.258 -0.312  0.214]
 [ 0.38  -0.605 -0.079 -0.332  0.075 -0.057 -0.603]
 [ 0.377 -0.163  0.654  0.009 -0.355  0.479  0.22 ]
 [ 0.377  0.515  0.018  0.38   0.343  0.319 -0.477]]
Learning Rate : 5e-07
Distance measure: 0.29
Time taken to converge as per expectation: inf s