
Playing the asymmetric EigenGame (Variant a, momentum)...
Time taken: 178.94541120529175s
EigenVectors obtained through EigenGame:
[[ 0.379 -0.136  0.446 -0.623 -0.141  0.126 -0.47 ]
 [ 0.379 -0.182 -0.496  0.005 -0.198 -0.696 -0.232]
 [ 0.375 -0.33   0.54   0.627  0.227 -0.147 -0.021]
 [ 0.377  0.742 -0.002 -0.077  0.535 -0.144 -0.019]
 [ 0.38  -0.352 -0.106 -0.347  0.215  0.068  0.731]
 [ 0.377 -0.125 -0.489  0.244  0.103  0.659 -0.305]
 [ 0.377  0.387  0.112  0.18  -0.739  0.137  0.312]]
EigenVectors obtained through numpy:
[[ 0.379 -0.207  0.574 -0.274 -0.01   0.381 -0.514]
 [ 0.379 -0.223 -0.192 -0.161 -0.558 -0.624 -0.21 ]
 [ 0.375  0.268  0.403  0.764 -0.033 -0.185  0.075]
 [ 0.377  0.422 -0.193 -0.258  0.658 -0.312 -0.214]
 [ 0.38  -0.605  0.079 -0.075  0.332 -0.057  0.603]
 [ 0.377 -0.163 -0.654  0.355 -0.009  0.479 -0.22 ]
 [ 0.377  0.515 -0.018 -0.343 -0.38   0.319  0.477]]
Learning Rate : 5e-08
Distance measure: 1.42
Time taken to converge as per expectation: inf s