
Playing the asymmetric EigenGame (Variant b, momentum)...
Time taken: 230.60741901397705s
EigenVectors obtained through EigenGame:
[[-0.369 -0.561 -0.527  0.479  0.258 -0.112 -0.06 ]
 [-0.376  0.592 -0.588 -0.158  0.073  0.186  0.291]
 [-0.37   0.018  0.551  0.349  0.07   0.054  0.54 ]
 [-0.38  -0.546 -0.035 -0.567 -0.422  0.342  0.261]
 [-0.377  0.028  0.013 -0.333 -0.073 -0.868 -0.027]
 [-0.38   0.006  0.26  -0.319  0.548  0.281 -0.573]
 [-0.393  0.189  0.062  0.298 -0.663 -0.016 -0.472]]
EigenVectors obtained through numpy:
[[-0.379  0.01  -0.274  0.574  0.207  0.514 -0.381]
 [-0.379  0.558 -0.161 -0.192  0.223  0.21   0.624]
 [-0.375  0.033  0.764  0.403 -0.268 -0.075  0.185]
 [-0.377 -0.658 -0.258 -0.193 -0.422  0.214  0.312]
 [-0.38  -0.332 -0.075  0.079  0.605 -0.603  0.057]
 [-0.377  0.009  0.355 -0.654  0.163  0.22  -0.479]
 [-0.377  0.38  -0.343 -0.018 -0.515 -0.477 -0.319]]
Learning Rate : 1e-06
Distance measure: 1.851
Time taken to converge as per expectation: inf s