
Playing the asymmetric EigenGame (Variant c, adagrad)...
Time taken: 434.13698410987854s
EigenVectors obtained through EigenGame:
[[-0.315 -0.099 -0.135 -0.498  0.035 -0.142 -0.476  0.258 -0.504 -0.243]
 [-0.316  0.051 -0.511 -0.371  0.293  0.045  0.15  -0.222  0.547 -0.194]
 [-0.317 -0.23   0.141 -0.081 -0.518  0.381  0.035  0.523  0.368  0.01 ]
 [-0.32  -0.001  0.479 -0.194  0.223 -0.584  0.078  0.117  0.234  0.407]
 [-0.315  0.358 -0.408 -0.01  -0.319 -0.02   0.337 -0.023 -0.344  0.516]
 [-0.317 -0.024  0.319 -0.098 -0.081  0.409 -0.359 -0.648 -0.026  0.241]
 [-0.317  0.666  0.346  0.134 -0.026  0.031  0.169  0.02  -0.056 -0.538]
 [-0.315  0.11  -0.224  0.611  0.385  0.091 -0.44   0.274  0.1    0.177]
 [-0.315 -0.462  0.119  0.119  0.414  0.278  0.527  0.019 -0.352 -0.089]
 [-0.315 -0.371 -0.138  0.393 -0.407 -0.487 -0.023 -0.317  0.024 -0.291]]
EigenVectors obtained through numpy:
[[-0.315 -0.052 -0.224 -0.461 -0.061  0.003 -0.703  0.315  0.005 -0.198]
 [-0.316  0.133 -0.501 -0.354 -0.036 -0.426  0.415 -0.291  0.247 -0.069]
 [-0.317 -0.088  0.087  0.183 -0.562  0.092  0.36   0.577  0.182 -0.176]
 [-0.32  -0.044  0.465 -0.388  0.188  0.256  0.09  -0.028  0.423  0.49 ]
 [-0.315  0.094 -0.5    0.12   0.061  0.529  0.112  0.037 -0.407  0.405]
 [-0.317  0.315  0.323  0.084 -0.378 -0.448 -0.176 -0.154 -0.416  0.342]
 [-0.317  0.603  0.22   0.102  0.162  0.322  0.004 -0.218  0.025 -0.546]
 [-0.315  0.029 -0.066  0.497  0.581 -0.376 -0.093  0.342  0.185  0.103]
 [-0.315 -0.531  0.25  -0.184  0.28  -0.073  0.261 -0.038 -0.526 -0.303]
 [-0.315 -0.464 -0.066  0.407 -0.232  0.117 -0.275 -0.54   0.277 -0.054]]
Learning Rate : 15
Distance measure: 2.405
Time taken to converge as per expectation: inf s