
Playing the asymmetric EigenGame (Variant c, adagrad)...
Time taken: 409.02126693725586s
EigenVectors obtained through EigenGame:
[[-0.315 -0.252 -0.377  0.19   0.055  0.498  0.123  0.346  0.202  0.483]
 [-0.316 -0.476 -0.087  0.126 -0.499 -0.163 -0.579 -0.118 -0.143 -0.066]
 [-0.317  0.131  0.301 -0.003  0.392  0.501 -0.336  0.078 -0.459 -0.245]
 [-0.32   0.329 -0.538  0.054  0.221 -0.148 -0.002 -0.596 -0.198  0.167]
 [-0.315 -0.531  0.122  0.177  0.352 -0.09   0.398 -0.262  0.229 -0.404]
 [-0.317  0.235  0.113 -0.487 -0.126  0.216 -0.202 -0.192  0.665 -0.104]
 [-0.317 -0.103 -0.125 -0.534  0.284 -0.504 -0.027  0.478 -0.133  0.064]
 [-0.315  0.01   0.242 -0.295 -0.492  0.139  0.556 -0.126 -0.385  0.134]
 [-0.315  0.437 -0.213  0.378 -0.275 -0.11   0.151  0.393  0.073 -0.503]
 [-0.315  0.215  0.569  0.402  0.083 -0.336 -0.075  0.006  0.152  0.475]]
EigenVectors obtained through numpy:
[[-0.315 -0.224 -0.461  0.052  0.003  0.315 -0.061  0.198 -0.703  0.005]
 [-0.316 -0.501 -0.354 -0.133 -0.426 -0.291 -0.036  0.069  0.415  0.247]
 [-0.317  0.087  0.183  0.088  0.092  0.577 -0.562  0.176  0.36   0.182]
 [-0.32   0.465 -0.388  0.044  0.256 -0.028  0.188 -0.49   0.09   0.423]
 [-0.315 -0.5    0.12  -0.094  0.529  0.037  0.061 -0.405  0.112 -0.407]
 [-0.317  0.323  0.084 -0.315 -0.448 -0.154 -0.378 -0.342 -0.176 -0.416]
 [-0.317  0.22   0.102 -0.603  0.322 -0.218  0.162  0.546  0.004  0.025]
 [-0.315 -0.066  0.497 -0.029 -0.376  0.342  0.581 -0.103 -0.093  0.185]
 [-0.315  0.25  -0.184  0.531 -0.073 -0.038  0.28   0.303  0.261 -0.526]
 [-0.315 -0.066  0.407  0.464  0.117 -0.54  -0.232  0.054 -0.275  0.277]]
Learning Rate : 35
Distance measure: 2.432
Time taken to converge as per expectation: inf s