
Playing the asymmetric EigenGame (Variant a, momentum)...
Time taken: 173.7819859981537s
EigenVectors obtained through EigenGame:
[[-0.484  0.138 -0.476  0.414  0.383  0.285 -0.048]
 [-0.417  0.134  0.078  0.079 -0.509 -0.439  0.532]
 [-0.349 -0.358 -0.289  0.324 -0.131 -0.564 -0.302]
 [-0.416 -0.489  0.303 -0.174  0.685 -0.311  0.419]
 [-0.236  0.45  -0.423 -0.68   0.275 -0.291  0.151]
 [-0.417  0.077  0.513 -0.284 -0.171  0.162 -0.581]
 [-0.261 -0.622 -0.388 -0.38  -0.047  0.449  0.294]]
EigenVectors obtained through numpy:
[[-0.379  0.207 -0.574  0.514 -0.01   0.381  0.274]
 [-0.379  0.223  0.192  0.21  -0.558 -0.624  0.161]
 [-0.375 -0.268 -0.403 -0.075 -0.033 -0.185 -0.764]
 [-0.377 -0.422  0.193  0.214  0.658 -0.312  0.258]
 [-0.38   0.605 -0.079 -0.603  0.332 -0.057  0.075]
 [-0.377  0.163  0.654  0.22  -0.009  0.479 -0.355]
 [-0.377 -0.515  0.018 -0.477 -0.38   0.319  0.343]]
Learning Rate : 40
Distance measure: 1.51
Time taken to converge as per expectation: inf s