
Playing the asymmetric EigenGame (Variant c, momentum)...
Time taken: 184.4684979915619s
EigenVectors obtained through EigenGame:
[[ 0.379 -0.212 -0.289 -0.292 -0.337  0.304  0.667]
 [ 0.379  0.4   -0.49  -0.482  0.095  0.006 -0.473]
 [ 0.375  0.452  0.134  0.421  0.467  0.443  0.203]
 [ 0.377 -0.382  0.188 -0.262  0.606 -0.453  0.155]
 [ 0.38  -0.236 -0.45   0.66  -0.162 -0.329 -0.144]
 [ 0.377 -0.45   0.415 -0.029 -0.184  0.463 -0.489]
 [ 0.377  0.432  0.499 -0.016 -0.481 -0.429  0.081]]
EigenVectors obtained through numpy:
[[ 0.379  0.01  -0.207 -0.514 -0.381 -0.274  0.574]
 [ 0.379  0.558 -0.223 -0.21   0.624 -0.161 -0.192]
 [ 0.375  0.033  0.268  0.075  0.185  0.764  0.403]
 [ 0.377 -0.658  0.422 -0.214  0.312 -0.258 -0.193]
 [ 0.38  -0.332 -0.605  0.603  0.057 -0.075  0.079]
 [ 0.377  0.009 -0.163 -0.22  -0.479  0.355 -0.654]
 [ 0.377  0.38   0.515  0.477 -0.319 -0.343 -0.018]]
Learning Rate : 5e-09
Distance measure: 1.765
Time taken to converge as per expectation: inf s