
Playing the asymmetric EigenGame (Variant a, rmsprop)...
Time taken: 183.87636303901672s
EigenVectors obtained through EigenGame:
[[ 0.379  0.207  0.572 -0.036 -0.275 -0.269  0.58 ]
 [ 0.379  0.223 -0.223 -0.541 -0.175  0.653  0.08 ]
 [ 0.375 -0.268  0.401 -0.074  0.762  0.167 -0.111]
 [ 0.377 -0.422 -0.155  0.674 -0.242  0.348  0.147]
 [ 0.38   0.605  0.098  0.329 -0.068 -0.066 -0.603]
 [ 0.377  0.163 -0.653  0.019  0.355 -0.424  0.312]
 [ 0.377 -0.515 -0.04  -0.371 -0.351 -0.409 -0.404]]
EigenVectors obtained through numpy:
[[ 0.379  0.207  0.574 -0.01  -0.274 -0.381  0.514]
 [ 0.379  0.223 -0.192 -0.558 -0.161  0.624  0.21 ]
 [ 0.375 -0.268  0.403 -0.033  0.764  0.185 -0.075]
 [ 0.377 -0.422 -0.193  0.658 -0.258  0.312  0.214]
 [ 0.38   0.605  0.079  0.332 -0.075  0.057 -0.603]
 [ 0.377  0.163 -0.654 -0.009  0.355 -0.479  0.22 ]
 [ 0.377 -0.515 -0.018 -0.38  -0.343 -0.319 -0.477]]
Learning Rate : 0.0001
Distance measure: 0.299
Time taken to converge as per expectation: inf s