
Playing the asymmetric EigenGame (Variant b, adagrad)...
Time taken: 173.49438786506653s
EigenVectors obtained through EigenGame:
[[ 0.134  0.682  0.235  0.143  0.404  0.262  0.381]
 [ 0.506  0.471  0.599  0.675  0.595  0.071  0.438]
 [ 0.329  0.265  0.333  0.532  0.605  0.567 -0.101]
 [ 0.668  0.184  0.189  0.24   0.271  0.076  0.358]
 [ 0.302  0.296  0.558  0.383  0.147  0.215  0.105]
 [ 0.166  0.32   0.357  0.138  0.09   0.566  0.445]
 [ 0.228  0.137 -0.035  0.133  0.116  0.482  0.562]]
EigenVectors obtained through numpy:
[[-0.379  0.514  0.207 -0.381  0.274 -0.574  0.01 ]
 [-0.379  0.21   0.223  0.624  0.161  0.192  0.558]
 [-0.375 -0.075 -0.268  0.185 -0.764 -0.403  0.033]
 [-0.377  0.214 -0.422  0.312  0.258  0.193 -0.658]
 [-0.38  -0.603  0.605  0.057  0.075 -0.079 -0.332]
 [-0.377  0.22   0.163 -0.479 -0.355  0.654  0.009]
 [-0.377 -0.477 -0.515 -0.319  0.343  0.018  0.38 ]]
Learning Rate : 0.0005
Distance measure: 3.653
Time taken to converge as per expectation: inf s