
Playing the asymmetric EigenGame (Variant a, momentum)...
Time taken: 188.44464325904846s
EigenVectors obtained through EigenGame:
[[-0.262  0.075  0.286 -0.5   -0.384 -0.062 -0.533]
 [-0.327  0.109 -0.369 -0.233 -0.349  0.084  0.477]
 [-0.383 -0.348  0.514 -0.176  0.717  0.183  0.514]
 [-0.324 -0.515  0.172  0.423 -0.17  -0.435  0.228]
 [-0.499  0.526  0.395  0.528  0.126  0.106  0.094]
 [-0.322  0.05  -0.572 -0.03   0.394 -0.268 -0.402]
 [-0.47  -0.563  0.071  0.453  0.131  0.827  0.044]]
EigenVectors obtained through numpy:
[[-0.379  0.207  0.574 -0.514 -0.274  0.01  -0.381]
 [-0.379  0.223 -0.192 -0.21  -0.161  0.558  0.624]
 [-0.375 -0.268  0.403  0.075  0.764  0.033  0.185]
 [-0.377 -0.422 -0.193 -0.214 -0.258 -0.658  0.312]
 [-0.38   0.605  0.079  0.603 -0.075 -0.332  0.057]
 [-0.377  0.163 -0.654 -0.22   0.355  0.009 -0.479]
 [-0.377 -0.515 -0.018  0.477 -0.343  0.38  -0.319]]
Learning Rate : 0.001
Distance measure: 1.546
Time taken to converge as per expectation: inf s