
Playing the asymmetric EigenGame (Variant b, rmsprop)...
Time taken: 392.32607913017273s
EigenVectors obtained through EigenGame:
[[ 0.379 -0.207 -0.574  0.011  0.275 -0.346  0.539]
 [ 0.379 -0.223  0.194  0.556  0.163 -0.417 -0.508]
 [ 0.375  0.268 -0.403  0.037 -0.764  0.005 -0.199]
 [ 0.377  0.422  0.191 -0.66   0.255 -0.311 -0.215]
 [ 0.38  -0.605 -0.08  -0.333  0.074  0.544 -0.268]
 [ 0.377 -0.163  0.654  0.007 -0.354 -0.037  0.527]
 [ 0.377  0.515  0.02   0.379  0.345  0.559  0.128]]
EigenVectors obtained through numpy:
[[ 0.379 -0.207 -0.574  0.01   0.274 -0.514  0.381]
 [ 0.379 -0.223  0.192  0.558  0.161 -0.21  -0.624]
 [ 0.375  0.268 -0.403  0.033 -0.764  0.075 -0.185]
 [ 0.377  0.422  0.193 -0.658  0.258 -0.214 -0.312]
 [ 0.38  -0.605 -0.079 -0.332  0.075  0.603 -0.057]
 [ 0.377 -0.163  0.654  0.009 -0.355 -0.22   0.479]
 [ 0.377  0.515  0.018  0.38   0.343  0.477  0.319]]
Learning Rate : 0.001
Distance measure: 0.511
Time taken to converge as per expectation: inf s