
Playing the asymmetric EigenGame (Variant a, momentum)...
Time taken: 200.36982107162476s
EigenVectors obtained through EigenGame:
[[-0.254  0.241 -0.305 -0.598 -0.266  0.202 -0.275]
 [-0.323  0.278  0.447 -0.148 -0.519  0.173  0.601]
 [-0.382 -0.183 -0.163 -0.13   0.218 -0.755  0.094]
 [-0.32  -0.354 -0.707  0.303 -0.314  0.453  0.505]
 [-0.506  0.708 -0.291  0.463  0.528  0.3    0.192]
 [-0.318  0.218  0.028  0.544 -0.475 -0.131 -0.188]
 [-0.475 -0.396  0.308  0.045  0.098  0.216 -0.477]]
EigenVectors obtained through numpy:
[[-0.379  0.207  0.01  -0.574 -0.514  0.274 -0.381]
 [-0.379  0.223  0.558  0.192 -0.21   0.161  0.624]
 [-0.375 -0.268  0.033 -0.403  0.075 -0.764  0.185]
 [-0.377 -0.422 -0.658  0.193 -0.214  0.258  0.312]
 [-0.38   0.605 -0.332 -0.079  0.603  0.075  0.057]
 [-0.377  0.163  0.009  0.654 -0.22  -0.355 -0.479]
 [-0.377 -0.515  0.38   0.018  0.477  0.343 -0.319]]
Learning Rate : 0.1
Distance measure: 1.229
Time taken to converge as per expectation: inf s