
Playing the asymmetric EigenGame (Variant b, rmsprop)...
Time taken: 226.6865861415863s
EigenVectors obtained through EigenGame:
[[ 0.379  0.205 -0.056  0.572 -0.267 -0.438  0.467]
 [ 0.379  0.221 -0.528 -0.246 -0.184  0.595  0.276]
 [ 0.375 -0.27  -0.101  0.386  0.767  0.191 -0.056]
 [ 0.377 -0.425  0.685 -0.125 -0.232  0.284  0.245]
 [ 0.38   0.602  0.327  0.112 -0.06   0.123 -0.595]
 [ 0.377  0.16   0.044 -0.658  0.349 -0.503  0.164]
 [ 0.377 -0.517 -0.361 -0.053 -0.356 -0.266 -0.512]]
EigenVectors obtained through numpy:
[[ 0.379  0.207 -0.01   0.574 -0.274 -0.381  0.514]
 [ 0.379  0.223 -0.558 -0.192 -0.161  0.624  0.21 ]
 [ 0.375 -0.268 -0.033  0.403  0.764  0.185 -0.075]
 [ 0.377 -0.422  0.658 -0.193 -0.258  0.312  0.214]
 [ 0.38   0.605  0.332  0.079 -0.075  0.057 -0.603]
 [ 0.377  0.163 -0.009 -0.654  0.355 -0.479  0.22 ]
 [ 0.377 -0.515 -0.38  -0.018 -0.343 -0.319 -0.477]]
Learning Rate : 0.005
Distance measure: 0.22
Time taken to converge as per expectation: inf s