
Playing the asymmetric EigenGame (Variant c, adagrad)...
Time taken: 182.79871916770935s
EigenVectors obtained through EigenGame:
[[-0.379  0.207  0.568  0.086  0.272 -0.348  0.537]
 [-0.379  0.223 -0.26   0.532  0.154  0.636  0.17 ]
 [-0.375 -0.268  0.395  0.072 -0.766  0.18  -0.087]
 [-0.377 -0.422 -0.108 -0.673  0.267  0.325  0.194]
 [-0.38   0.605  0.12  -0.319  0.08   0.019 -0.606]
 [-0.377  0.163 -0.65  -0.077 -0.352 -0.464  0.25 ]
 [-0.377 -0.515 -0.065  0.38   0.338 -0.348 -0.457]]
EigenVectors obtained through numpy:
[[-0.379  0.207  0.574  0.01   0.274 -0.381  0.514]
 [-0.379  0.223 -0.192  0.558  0.161  0.624  0.21 ]
 [-0.375 -0.268  0.403  0.033 -0.764  0.185 -0.075]
 [-0.377 -0.422 -0.193 -0.658  0.258  0.312  0.214]
 [-0.38   0.605  0.079 -0.332  0.075  0.057 -0.603]
 [-0.377  0.163 -0.654  0.009 -0.355 -0.479  0.22 ]
 [-0.377 -0.515 -0.018  0.38   0.343 -0.319 -0.477]]
Learning Rate : 45
Distance measure: 0.199
Time taken to converge as per expectation: inf s