
Playing the asymmetric EigenGame (Variant a, momentum)...
Time taken: 207.00230598449707s
EigenVectors obtained through EigenGame:
[[-0.254 -0.328  0.532 -0.197 -0.543  0.36   0.656]
 [-0.323 -0.324  0.061 -0.447  0.152 -0.398 -0.486]
 [-0.382  0.17   0.409  0.229  0.019  0.615 -0.374]
 [-0.32   0.3   -0.402  0.071 -0.777 -0.142 -0.095]
 [-0.506 -0.641  0.211  0.829  0.113 -0.016  0.242]
 [-0.318 -0.266 -0.537 -0.1    0.063  0.424  0.216]
 [-0.475  0.434  0.226  0.079  0.248 -0.366  0.282]]
EigenVectors obtained through numpy:
[[-0.379 -0.207  0.574 -0.514  0.01  -0.274  0.381]
 [-0.379 -0.223 -0.192 -0.21   0.558 -0.161 -0.624]
 [-0.375  0.268  0.403  0.075  0.033  0.764 -0.185]
 [-0.377  0.422 -0.193 -0.214 -0.658 -0.258 -0.312]
 [-0.38  -0.605  0.079  0.603 -0.332 -0.075 -0.057]
 [-0.377 -0.163 -0.654 -0.22   0.009  0.355  0.479]
 [-0.377  0.515 -0.018  0.477  0.38  -0.343  0.319]]
Learning Rate : 35
Distance measure: 1.532
Time taken to converge as per expectation: inf s