
Playing the asymmetric EigenGame (Variant a, adagrad)...
Time taken: 195.2061791419983s
EigenVectors obtained through EigenGame:
[[ 0.379  0.273 -0.664 -0.043 -0.313 -0.19   0.211]
 [ 0.379  0.743 -0.027  0.443  0.626  0.222  0.285]
 [ 0.375 -0.108 -0.281 -0.252 -0.109  0.544 -0.471]
 [ 0.377 -0.015  0.556 -0.506  0.159 -0.399  0.412]
 [ 0.38  -0.506  0.408  0.457  0.525 -0.175 -0.504]
 [ 0.377 -0.069  0.06   0.385 -0.217 -0.305  0.02 ]
 [ 0.377 -0.318 -0.019 -0.354 -0.387  0.579  0.477]]
EigenVectors obtained through numpy:
[[ 0.379  0.514 -0.574  0.207 -0.381  0.01   0.274]
 [ 0.379  0.21   0.192  0.223  0.624  0.558  0.161]
 [ 0.375 -0.075 -0.403 -0.268  0.185  0.033 -0.764]
 [ 0.377  0.214  0.193 -0.422  0.312 -0.658  0.258]
 [ 0.38  -0.603 -0.079  0.605  0.057 -0.332  0.075]
 [ 0.377  0.22   0.654  0.163 -0.479  0.009 -0.355]
 [ 0.377 -0.477  0.018 -0.515 -0.319  0.38   0.343]]
Learning Rate : 0.005
Distance measure: 1.788
Time taken to converge as per expectation: inf s