
Playing the asymmetric EigenGame (Variant a, adagrad)...
Time taken: 212.97989773750305s
EigenVectors obtained through EigenGame:
[[-0.379  0.207  0.574 -0.02   0.274  0.399 -0.5  ]
 [-0.379  0.223 -0.203 -0.553  0.165 -0.616 -0.231]
 [-0.375 -0.268  0.403 -0.045 -0.764 -0.188  0.069]
 [-0.377 -0.422 -0.18   0.663  0.255 -0.304 -0.225]
 [-0.38   0.605  0.086  0.331  0.074 -0.078  0.601]
 [-0.377  0.163 -0.654  0.002 -0.355  0.486 -0.203]
 [-0.377 -0.515 -0.025 -0.378  0.344  0.303  0.488]]
EigenVectors obtained through numpy:
[[-0.379  0.207  0.574 -0.01   0.274  0.381 -0.514]
 [-0.379  0.223 -0.192 -0.558  0.161 -0.624 -0.21 ]
 [-0.375 -0.268  0.403 -0.033 -0.764 -0.185  0.075]
 [-0.377 -0.422 -0.193  0.658  0.258 -0.312 -0.214]
 [-0.38   0.605  0.079  0.332  0.075 -0.057  0.603]
 [-0.377  0.163 -0.654 -0.009 -0.355  0.479 -0.22 ]
 [-0.377 -0.515 -0.018 -0.38   0.343  0.319  0.477]]
Learning Rate : 15
Distance measure: 0.058
Time taken to converge as per expectation: inf s