
Playing the asymmetric EigenGame (Variant b, rmsprop)...
Time taken: 272.5673680305481s
EigenVectors obtained through EigenGame:
[[ 0.379  0.206  0.573  0.011  0.272 -0.353  0.534]
 [ 0.379  0.222 -0.17  -0.566  0.161  0.634  0.176]
 [ 0.375 -0.269  0.404 -0.014 -0.764  0.184 -0.085]
 [ 0.377 -0.423 -0.219  0.648  0.261  0.322  0.197]
 [ 0.38   0.604  0.066  0.335  0.077  0.025 -0.605]
 [ 0.377  0.162 -0.653 -0.034 -0.357 -0.465  0.246]
 [ 0.377 -0.516 -0.003 -0.382  0.34  -0.346 -0.459]]
EigenVectors obtained through numpy:
[[ 0.379  0.207  0.574 -0.01   0.274 -0.381  0.514]
 [ 0.379  0.223 -0.192 -0.558  0.161  0.624  0.21 ]
 [ 0.375 -0.268  0.403 -0.033 -0.764  0.185 -0.075]
 [ 0.377 -0.422 -0.193  0.658  0.258  0.312  0.214]
 [ 0.38   0.605  0.079  0.332  0.075  0.057 -0.603]
 [ 0.377  0.163 -0.654 -0.009 -0.355 -0.479  0.22 ]
 [ 0.377 -0.515 -0.018 -0.38   0.343 -0.319 -0.477]]
Learning Rate : 0.001
Distance measure: 0.095
Time taken to converge as per expectation: inf s