
Playing the asymmetric EigenGame (Variant a, rmsprop)...
Time taken: 79.07356405258179s
EigenVectors obtained through EigenGame:
[[ 0.448  0.6    0.388  0.479 -0.243]
 [ 0.449 -0.668 -0.099  0.568  0.139]
 [ 0.442  0.361 -0.445 -0.167  0.669]
 [ 0.447 -0.247  0.638 -0.563  0.121]
 [ 0.45  -0.04  -0.485 -0.32  -0.678]]
EigenVectors obtained through numpy:
[[ 0.448  0.603  0.382  0.48  -0.243]
 [ 0.449 -0.669 -0.094  0.568  0.14 ]
 [ 0.443  0.357 -0.447 -0.168  0.67 ]
 [ 0.447 -0.242  0.641 -0.563  0.121]
 [ 0.449 -0.044 -0.484 -0.321 -0.677]]
Learning Rate : 0.001
Distance measure: 0.012
Time taken to converge as per expectation: inf s