
Playing the asymmetric EigenGame (Variant b, rmsprop)...
Time taken: 220.43649005889893s
EigenVectors obtained through EigenGame:
[[ 0.19   0.625  0.251 -0.29  -0.342  0.622  0.378]
 [ 0.726  0.189  0.126  0.008  0.172 -0.052 -0.508]
 [ 0.157 -0.031  0.455  0.17   0.414 -0.083  0.415]
 [ 0.074  0.674 -0.167  0.684  0.64  -0.053 -0.124]
 [ 0.604  0.291  0.175 -0.196  0.492  0.668  0.094]
 [ 0.157  0.15  -0.     0.155 -0.077 -0.173  0.522]
 [ 0.132  0.102  0.809  0.597 -0.153 -0.353  0.361]]
EigenVectors obtained through numpy:
[[ 0.379  0.274 -0.514 -0.207 -0.01   0.574  0.381]
 [ 0.379  0.161 -0.21  -0.223 -0.558 -0.192 -0.624]
 [ 0.375 -0.764  0.075  0.268 -0.033  0.403 -0.185]
 [ 0.377  0.258 -0.214  0.422  0.658 -0.193 -0.312]
 [ 0.38   0.075  0.603 -0.605  0.332  0.079 -0.057]
 [ 0.377 -0.355 -0.22  -0.163 -0.009 -0.654  0.479]
 [ 0.377  0.343  0.477  0.515 -0.38  -0.018  0.319]]
Learning Rate : 1e-05
Distance measure: 2.362
Time taken to converge as per expectation: inf s