
Playing the asymmetric EigenGame (Variant b, adagrad)...
Time taken: 181.66200804710388s
EigenVectors obtained through EigenGame:
[[-0.379 -0.207 -0.5    0.131  0.36  -0.336  0.551]
 [-0.379 -0.224 -0.003 -0.613  0.065  0.637  0.146]
 [-0.375  0.268 -0.481  0.254 -0.667  0.201 -0.095]
 [-0.377  0.423  0.451  0.489  0.316  0.323  0.181]
 [-0.38  -0.604  0.058  0.318  0.135 -0.008 -0.606]
 [-0.377 -0.163  0.554 -0.154 -0.483 -0.441  0.268]
 [-0.377  0.514 -0.079 -0.423  0.266 -0.378 -0.441]]
EigenVectors obtained through numpy:
[[-0.379 -0.207 -0.574 -0.01   0.274 -0.381  0.514]
 [-0.379 -0.223  0.192 -0.558  0.161  0.624  0.21 ]
 [-0.375  0.268 -0.403 -0.033 -0.764  0.185 -0.075]
 [-0.377  0.422  0.193  0.658  0.258  0.312  0.214]
 [-0.38  -0.605 -0.079  0.332  0.075  0.057 -0.603]
 [-0.377 -0.163  0.654 -0.009 -0.355 -0.479  0.22 ]
 [-0.377  0.515  0.018 -0.38   0.343 -0.319 -0.477]]
Learning Rate : 15
Distance measure: 0.623
Time taken to converge as per expectation: inf s