
Playing the asymmetric EigenGame (Variant c, adagrad)...
Time taken: 183.18900990486145s
EigenVectors obtained through EigenGame:
[[-0.379  0.207 -0.483  0.306  0.277 -0.348  0.536]
 [-0.379  0.223 -0.15  -0.572  0.156  0.635  0.171]
 [-0.375 -0.268 -0.353  0.202 -0.763  0.18  -0.086]
 [-0.377 -0.422  0.525  0.44   0.262  0.325  0.194]
 [-0.38   0.605  0.118  0.32   0.078  0.02  -0.606]
 [-0.377  0.163  0.539 -0.365 -0.357 -0.465  0.249]
 [-0.377 -0.515 -0.196 -0.33   0.34  -0.348 -0.457]]
EigenVectors obtained through numpy:
[[-0.379  0.207 -0.574 -0.01   0.274 -0.381  0.514]
 [-0.379  0.223  0.192 -0.558  0.161  0.624  0.21 ]
 [-0.375 -0.268 -0.403 -0.033 -0.764  0.185 -0.075]
 [-0.377 -0.422  0.193  0.658  0.258  0.312  0.214]
 [-0.38   0.605 -0.079  0.332  0.075  0.057 -0.603]
 [-0.377  0.163  0.654 -0.009 -0.355 -0.479  0.22 ]
 [-0.377 -0.515  0.018 -0.38   0.343 -0.319 -0.477]]
Learning Rate : 45
Distance measure: 0.822
Time taken to converge as per expectation: inf s