
Playing the asymmetric EigenGame (Variant a, adagrad)...
Time taken: 182.77408504486084s
EigenVectors obtained through EigenGame:
[[ 0.379  0.44   0.025 -0.267  0.532 -0.36  -0.421]
 [ 0.379  0.332 -0.462  0.263  0.266  0.438  0.454]
 [ 0.375  0.508  0.276 -0.129 -0.7   -0.036  0.117]
 [ 0.377 -0.302  0.468 -0.256  0.149  0.65  -0.175]
 [ 0.38  -0.464 -0.197 -0.511 -0.031 -0.353  0.457]
 [ 0.377 -0.274 -0.525  0.218 -0.343  0.021 -0.585]
 [ 0.377 -0.236  0.42   0.684  0.12  -0.359  0.148]]
EigenVectors obtained through numpy:
[[ 0.379  0.574 -0.207  0.01   0.274 -0.381 -0.514]
 [ 0.379 -0.192 -0.223  0.558  0.161  0.624 -0.21 ]
 [ 0.375  0.403  0.268  0.033 -0.764  0.185  0.075]
 [ 0.377 -0.193  0.422 -0.658  0.258  0.312 -0.214]
 [ 0.38   0.079 -0.605 -0.332  0.075  0.057  0.603]
 [ 0.377 -0.654 -0.163  0.009 -0.355 -0.479 -0.22 ]
 [ 0.377 -0.018  0.515  0.38   0.343 -0.319  0.477]]
Learning Rate : 0.5
Distance measure: 1.797
Time taken to converge as per expectation: inf s