
Playing the asymmetric EigenGame (Variant b, rmsprop)...
Time taken: 342.4687669277191s
EigenVectors obtained through EigenGame:
[[ 0.379  0.207  0.574  0.02   0.262 -0.491 -0.418]
 [ 0.379  0.223 -0.161 -0.567  0.151  0.553 -0.327]
 [ 0.375 -0.268  0.405 -0.011 -0.774  0.167 -0.012]
 [ 0.377 -0.422 -0.228  0.647  0.247  0.25  -0.263]
 [ 0.38   0.605  0.061  0.336  0.065  0.176  0.577]
 [ 0.377  0.163 -0.652 -0.044 -0.366 -0.536 -0.146]
 [ 0.377 -0.515  0.002 -0.381  0.331 -0.212  0.543]]
EigenVectors obtained through numpy:
[[ 0.379  0.207  0.574 -0.01   0.274 -0.381 -0.514]
 [ 0.379  0.223 -0.192 -0.558  0.161  0.624 -0.21 ]
 [ 0.375 -0.268  0.403 -0.033 -0.764  0.185  0.075]
 [ 0.377 -0.422 -0.193  0.658  0.258  0.312 -0.214]
 [ 0.38   0.605  0.079  0.332  0.075  0.057  0.603]
 [ 0.377  0.163 -0.654 -0.009 -0.355 -0.479 -0.22 ]
 [ 0.377 -0.515 -0.018 -0.38   0.343 -0.319  0.477]]
Learning Rate : 0.1
Distance measure: 0.317
Time taken to converge as per expectation: inf s