
Playing the asymmetric EigenGame (Variant b, rmsprop)...
Time taken: 228.4833209514618s
EigenVectors obtained through EigenGame:
[[ 0.379 -0.207  0.573 -0.025  0.302 -0.393  0.49 ]
 [ 0.379 -0.223 -0.156  0.569  0.117  0.618  0.248]
 [ 0.375  0.269  0.404  0.005 -0.775  0.137 -0.064]
 [ 0.377  0.423 -0.235 -0.643  0.239  0.315  0.233]
 [ 0.38  -0.604  0.057 -0.336  0.07   0.099 -0.598]
 [ 0.377 -0.162 -0.652  0.05  -0.32  -0.515  0.191]
 [ 0.377  0.515  0.006  0.382  0.361 -0.266 -0.496]]
EigenVectors obtained through numpy:
[[ 0.379 -0.207  0.574  0.01   0.274 -0.381  0.514]
 [ 0.379 -0.223 -0.192  0.558  0.161  0.624  0.21 ]
 [ 0.375  0.268  0.403  0.033 -0.764  0.185 -0.075]
 [ 0.377  0.422 -0.193 -0.658  0.258  0.312  0.214]
 [ 0.38  -0.605  0.079 -0.332  0.075  0.057 -0.603]
 [ 0.377 -0.163 -0.654  0.009 -0.355 -0.479  0.22 ]
 [ 0.377  0.515 -0.018  0.38   0.343 -0.319 -0.477]]
Learning Rate : 0.001
Distance measure: 0.158
Time taken to converge as per expectation: inf s