
Playing the asymmetric EigenGame (Variant a, momentum)...
Time taken: 192.18696689605713s
EigenVectors obtained through EigenGame:
[[-0.262 -0.325  0.554 -0.433 -0.25   0.303 -0.114]
 [-0.327 -0.322  0.005  0.251 -0.725 -0.153  0.55 ]
 [-0.383  0.17   0.437 -0.111 -0.026  0.626  0.526]
 [-0.324  0.302 -0.349 -0.779 -0.03  -0.254  0.204]
 [-0.499 -0.643  0.225  0.016  0.603 -0.216  0.1  ]
 [-0.322 -0.264 -0.546 -0.006 -0.19   0.52  -0.272]
 [-0.47   0.432  0.174  0.359 -0.1   -0.334 -0.532]]
EigenVectors obtained through numpy:
[[-0.379 -0.207  0.574  0.01  -0.514 -0.274 -0.381]
 [-0.379 -0.223 -0.192  0.558 -0.21  -0.161  0.624]
 [-0.375  0.268  0.403  0.033  0.075  0.764  0.185]
 [-0.377  0.422 -0.193 -0.658 -0.214 -0.258  0.312]
 [-0.38  -0.605  0.079 -0.332  0.603 -0.075  0.057]
 [-0.377 -0.163 -0.654  0.009 -0.22   0.355 -0.479]
 [-0.377  0.515 -0.018  0.38   0.477 -0.343 -0.319]]
Learning Rate : 0.001
Distance measure: 1.45
Time taken to converge as per expectation: inf s