
Playing the asymmetric EigenGame (Variant b, adagrad)...
Time taken: 215.76795482635498s
EigenVectors obtained through EigenGame:
[[-0.379  0.207  0.566 -0.096 -0.275  0.375  0.518]
 [-0.379  0.223 -0.275 -0.521 -0.163 -0.626  0.203]
 [-0.375 -0.268  0.394 -0.098  0.764 -0.183 -0.077]
 [-0.377 -0.422 -0.09   0.681 -0.254 -0.314  0.21 ]
 [-0.38   0.605  0.129  0.317 -0.074 -0.051 -0.604]
 [-0.377  0.163 -0.648  0.088  0.354  0.477  0.225]
 [-0.377 -0.515 -0.076 -0.371 -0.345  0.324 -0.474]]
EigenVectors obtained through numpy:
[[-0.379  0.207  0.574 -0.01  -0.274  0.381  0.514]
 [-0.379  0.223 -0.192 -0.558 -0.161 -0.624  0.21 ]
 [-0.375 -0.268  0.403 -0.033  0.764 -0.185 -0.075]
 [-0.377 -0.422 -0.193  0.658 -0.258 -0.312  0.214]
 [-0.38   0.605  0.079  0.332 -0.075 -0.057 -0.603]
 [-0.377  0.163 -0.654 -0.009  0.355  0.479  0.22 ]
 [-0.377 -0.515 -0.018 -0.38  -0.343  0.319 -0.477]]
Learning Rate : 40
Distance measure: 0.217
Time taken to converge as per expectation: inf s