
Playing the asymmetric EigenGame (Variant b, rmsprop)...
Time taken: 392.28238105773926s
EigenVectors obtained through EigenGame:
[[ 0.379  0.21   0.178 -0.578  0.179 -0.109 -0.634]
 [ 0.379  0.222  0.112  0.299  0.523 -0.58   0.303]
 [ 0.375 -0.266  0.694  0.009 -0.515 -0.078  0.196]
 [ 0.377 -0.423 -0.642 -0.21  -0.286 -0.368  0.074]
 [ 0.38   0.605 -0.194 -0.224 -0.186  0.399  0.458]
 [ 0.377  0.16  -0.157  0.694 -0.23   0.168 -0.494]
 [ 0.377 -0.515  0.012  0.013  0.51   0.568  0.095]]
EigenVectors obtained through numpy:
[[ 0.379  0.207  0.514 -0.574  0.01  -0.514 -0.381]
 [ 0.379  0.223  0.21   0.192  0.558 -0.21   0.624]
 [ 0.375 -0.268 -0.075 -0.403  0.033  0.075  0.185]
 [ 0.377 -0.422  0.214  0.193 -0.658 -0.214  0.312]
 [ 0.38   0.605 -0.603 -0.079 -0.332  0.603  0.057]
 [ 0.377  0.163  0.22   0.654  0.009 -0.22  -0.479]
 [ 0.377 -0.515 -0.477  0.018  0.38   0.477 -0.319]]
Learning Rate : 0.0001
Distance measure: 2.008
Time taken to converge as per expectation: inf s