
Playing the asymmetric EigenGame (Variant c, adagrad)...
Time taken: 242.35774421691895s
EigenVectors obtained through EigenGame:
[[ 0.379  0.083 -0.556  0.272 -0.461 -0.345  0.371]
 [ 0.379 -0.52   0.445  0.418 -0.057  0.347  0.32 ]
 [ 0.375  0.549 -0.251  0.145  0.334  0.605 -0.005]
 [ 0.377  0.208  0.337 -0.566  0.213 -0.265  0.507]
 [ 0.38  -0.525 -0.39  -0.133  0.54  -0.192 -0.283]
 [ 0.377 -0.092  0.01  -0.506 -0.579  0.3   -0.4  ]
 [ 0.377  0.307  0.406  0.368  0.01  -0.445 -0.513]]
EigenVectors obtained through numpy:
[[ 0.379 -0.207 -0.574  0.01  -0.381 -0.274  0.514]
 [ 0.379 -0.223  0.192  0.558  0.624 -0.161  0.21 ]
 [ 0.375  0.268 -0.403  0.033  0.185  0.764 -0.075]
 [ 0.377  0.422  0.193 -0.658  0.312 -0.258  0.214]
 [ 0.38  -0.605 -0.079 -0.332  0.057 -0.075 -0.603]
 [ 0.377 -0.163  0.654  0.009 -0.479  0.355  0.22 ]
 [ 0.377  0.515  0.018  0.38  -0.319 -0.343 -0.477]]
Learning Rate : 0.5
Distance measure: 1.821
Time taken to converge as per expectation: inf s