
Playing the asymmetric EigenGame (Variant a, momentum)...
Time taken: 166.93938612937927s
EigenVectors obtained through EigenGame:
[[ 0.254  0.072  0.147 -0.72  -0.643  0.214  0.403]
 [ 0.323  0.107 -0.464  0.091 -0.288 -0.373 -0.448]
 [ 0.382 -0.348  0.358 -0.432  0.498 -0.242 -0.26 ]
 [ 0.32  -0.516 -0.114  0.117 -0.204  0.783 -0.156]
 [ 0.506  0.527  0.204  0.213 -0.129  0.08  -0.101]
 [ 0.318  0.049 -0.76  -0.325  0.35   0.277  0.457]
 [ 0.475 -0.562 -0.053  0.35  -0.274 -0.245  0.571]]
EigenVectors obtained through numpy:
[[ 0.379  0.207  0.574 -0.514 -0.274 -0.01   0.381]
 [ 0.379  0.223 -0.192 -0.21  -0.161 -0.558 -0.624]
 [ 0.375 -0.268  0.403  0.075  0.764 -0.033 -0.185]
 [ 0.377 -0.422 -0.193 -0.214 -0.258  0.658 -0.312]
 [ 0.38   0.605  0.079  0.603 -0.075  0.332 -0.057]
 [ 0.377  0.163 -0.654 -0.22   0.355 -0.009  0.479]
 [ 0.377 -0.515 -0.018  0.477 -0.343 -0.38   0.319]]
Learning Rate : 35
Distance measure: 1.326
Time taken to converge as per expectation: inf s