
Playing the asymmetric EigenGame (Variant c)...
Time taken: 89.4307210445404s
EigenVectors obtained through EigenGame:
[[-0.448 -0.584 -0.105 -0.621 -0.245]
 [-0.449  0.665  0.397 -0.426  0.139]
 [-0.443 -0.378  0.283  0.36   0.671]
 [-0.447  0.27  -0.829  0.166  0.12 ]
 [-0.449  0.021  0.254  0.526 -0.675]]
EigenVectors obtained through numpy:
[[-0.448 -0.603 -0.382 -0.48  -0.243]
 [-0.449  0.669  0.094 -0.568  0.14 ]
 [-0.443 -0.357  0.447  0.168  0.67 ]
 [-0.447  0.242 -0.641  0.563  0.121]
 [-0.449  0.044  0.484  0.321 -0.677]]
Learning Rate : 10
Distance measure: 0.75
Time taken to converge as per expectation: inf s