
Playing the asymmetric EigenGame (Variant c, adagrad)...
Time taken: 207.8555200099945s
EigenVectors obtained through EigenGame:
[[ 0.379 -0.211  0.533 -0.064  0.32  -0.46   0.457]
 [ 0.379 -0.218 -0.359 -0.366  0.346  0.582  0.294]
 [ 0.375  0.265  0.405 -0.423 -0.625  0.234 -0.048]
 [ 0.377  0.42   0.008  0.741 -0.01   0.263  0.251]
 [ 0.38  -0.607  0.166  0.301 -0.03   0.134 -0.591]
 [ 0.377 -0.157 -0.613  0.015 -0.443 -0.486  0.154]
 [ 0.377  0.517 -0.14  -0.206  0.435 -0.267 -0.516]]
EigenVectors obtained through numpy:
[[ 0.379 -0.207  0.574 -0.01   0.274 -0.381  0.514]
 [ 0.379 -0.223 -0.192 -0.558  0.161  0.624  0.21 ]
 [ 0.375  0.268  0.403 -0.033 -0.764  0.185 -0.075]
 [ 0.377  0.422 -0.193  0.658  0.258  0.312  0.214]
 [ 0.38  -0.605  0.079  0.332  0.075  0.057 -0.603]
 [ 0.377 -0.163 -0.654 -0.009 -0.355 -0.479  0.22 ]
 [ 0.377  0.515 -0.018 -0.38   0.343 -0.319 -0.477]]
Learning Rate : 15
Distance measure: 0.721
Time taken to converge as per expectation: inf s