
Playing the asymmetric EigenGame (Variant a, rmsprop)...
Time taken: 189.744215965271s
EigenVectors obtained through EigenGame:
[[ 0.377 -0.206  0.575  0.025  0.278 -0.393  0.507]
 [ 0.379 -0.222 -0.205  0.553  0.162  0.618  0.225]
 [ 0.375  0.27   0.404  0.049 -0.764  0.18  -0.07 ]
 [ 0.377  0.424 -0.174 -0.663  0.253  0.307  0.222]
 [ 0.383 -0.603  0.089 -0.329  0.074  0.07  -0.6  ]
 [ 0.376 -0.161 -0.653 -0.004 -0.35  -0.488  0.211]
 [ 0.379  0.516 -0.027  0.379  0.348 -0.308 -0.483]]
EigenVectors obtained through numpy:
[[ 0.379 -0.207  0.574  0.01   0.274 -0.381  0.514]
 [ 0.379 -0.223 -0.192  0.558  0.161  0.624  0.21 ]
 [ 0.375  0.268  0.403  0.033 -0.764  0.185 -0.075]
 [ 0.377  0.422 -0.193 -0.658  0.258  0.312  0.214]
 [ 0.38  -0.605  0.079 -0.332  0.075  0.057 -0.603]
 [ 0.377 -0.163 -0.654  0.009 -0.355 -0.479  0.22 ]
 [ 0.377  0.515 -0.018  0.38   0.343 -0.319 -0.477]]
Learning Rate : 0.005
Distance measure: 0.052
Time taken to converge as per expectation: inf s