
Playing the asymmetric EigenGame (Variant c, adagrad)...
Time taken: 257.2195770740509s
EigenVectors obtained through EigenGame:
[[ 0.379  0.136  0.364 -0.368 -0.137  0.728 -0.131]
 [ 0.379  0.148 -0.264 -0.522  0.535 -0.317 -0.329]
 [ 0.375 -0.365  0.693  0.257  0.078 -0.366 -0.21 ]
 [ 0.377 -0.241 -0.339 -0.193 -0.76  -0.235 -0.118]
 [ 0.38   0.634  0.146  0.074 -0.103 -0.273  0.586]
 [ 0.377  0.238 -0.338  0.692  0.075  0.236 -0.377]
 [ 0.377 -0.557 -0.259  0.065  0.31   0.226  0.575]]
EigenVectors obtained through numpy:
[[ 0.379  0.207  0.574 -0.274  0.01   0.381 -0.514]
 [ 0.379  0.223 -0.192 -0.161  0.558 -0.624 -0.21 ]
 [ 0.375 -0.268  0.403  0.764  0.033 -0.185  0.075]
 [ 0.377 -0.422 -0.193 -0.258 -0.658 -0.312 -0.214]
 [ 0.38   0.605  0.079 -0.075 -0.332 -0.057  0.603]
 [ 0.377  0.163 -0.654  0.355  0.009  0.479 -0.22 ]
 [ 0.377 -0.515 -0.018 -0.343  0.38   0.319  0.477]]
Learning Rate : 1
Distance measure: 1.352
Time taken to converge as per expectation: inf s