
Playing the asymmetric EigenGame (Variant a, rmsprop)...
Time taken: 184.78780889511108s
EigenVectors obtained through EigenGame:
[[ 0.342 -0.183  0.554  0.032 -0.395 -0.615  0.078]
 [ 0.364 -0.197 -0.185  0.562 -0.086  0.283  0.538]
 [ 0.379  0.295  0.442  0.053  0.81  -0.021  0.135]
 [ 0.362  0.447 -0.122 -0.626 -0.273  0.16   0.251]
 [ 0.421 -0.571  0.14  -0.249  0.061  0.416 -0.49 ]
 [ 0.361 -0.137 -0.654 -0.067  0.253 -0.579 -0.169]
 [ 0.41   0.544  0.007  0.47  -0.196  0.092 -0.595]]
EigenVectors obtained through numpy:
[[ 0.379 -0.207  0.574  0.01  -0.274 -0.381  0.514]
 [ 0.379 -0.223 -0.192  0.558 -0.161  0.624  0.21 ]
 [ 0.375  0.268  0.403  0.033  0.764  0.185 -0.075]
 [ 0.377  0.422 -0.193 -0.658 -0.258  0.312  0.214]
 [ 0.38  -0.605  0.079 -0.332 -0.075  0.057 -0.603]
 [ 0.377 -0.163 -0.654  0.009  0.355 -0.479  0.22 ]
 [ 0.377  0.515 -0.018  0.38  -0.343 -0.319 -0.477]]
Learning Rate : 0.1
Distance measure: 1.088
Time taken to converge as per expectation: inf s