
Playing the asymmetric EigenGame (Variant a, rmsprop)...
Time taken: 183.36846804618835s
EigenVectors obtained through EigenGame:
[[ 0.379  0.207 -0.555  0.028 -0.135 -0.555  0.366]
 [ 0.379  0.223 -0.043 -0.571 -0.221 -0.093 -0.709]
 [ 0.375 -0.268 -0.341  0.563 -0.344  0.393 -0.181]
 [ 0.377 -0.423  0.422  0.262  0.298 -0.54  -0.194]
 [ 0.38   0.604  0.059  0.226  0.596  0.292  0.061]
 [ 0.377  0.162  0.608 -0.018 -0.518  0.143  0.531]
 [ 0.377 -0.515 -0.15  -0.485  0.32   0.363  0.093]]
EigenVectors obtained through numpy:
[[ 0.379  0.207 -0.574 -0.01   0.274 -0.514  0.381]
 [ 0.379  0.223  0.192 -0.558  0.161 -0.21  -0.624]
 [ 0.375 -0.268 -0.403 -0.033 -0.764  0.075 -0.185]
 [ 0.377 -0.422  0.193  0.658  0.258 -0.214 -0.312]
 [ 0.38   0.605 -0.079  0.332  0.075  0.603 -0.057]
 [ 0.377  0.163  0.654 -0.009 -0.355 -0.22   0.479]
 [ 0.377 -0.515  0.018 -0.38   0.343  0.477  0.319]]
Learning Rate : 5e-05
Distance measure: 1.429
Time taken to converge as per expectation: inf s