
Playing the asymmetric EigenGame (Variant b, adagrad)...
Time taken: 217.48870611190796s
EigenVectors obtained through EigenGame:
[[-0.379 -0.207  0.548  0.18  -0.268  0.338  0.543]
 [-0.379 -0.223 -0.342  0.485 -0.148 -0.639  0.159]
 [-0.375  0.268  0.376  0.124  0.768 -0.178 -0.09 ]
 [-0.377  0.422  0.003 -0.678 -0.277 -0.328  0.188]
 [-0.38  -0.605  0.171 -0.294 -0.084 -0.008 -0.606]
 [-0.377 -0.163 -0.63  -0.186  0.348  0.46   0.258]
 [-0.377  0.515 -0.125  0.369 -0.333  0.357 -0.45 ]]
EigenVectors obtained through numpy:
[[-0.379 -0.207  0.574  0.01  -0.274  0.381  0.514]
 [-0.379 -0.223 -0.192  0.558 -0.161 -0.624  0.21 ]
 [-0.375  0.268  0.403  0.033  0.764 -0.185 -0.075]
 [-0.377  0.422 -0.193 -0.658 -0.258 -0.312  0.214]
 [-0.38  -0.605  0.079 -0.332 -0.075 -0.057 -0.603]
 [-0.377 -0.163 -0.654  0.009  0.355  0.479  0.22 ]
 [-0.377  0.515 -0.018  0.38  -0.343  0.319 -0.477]]
Learning Rate : 50
Distance measure: 0.423
Time taken to converge as per expectation: inf s