
Playing the asymmetric EigenGame (Variant b, adagrad)...
Time taken: 222.99963307380676s
EigenVectors obtained through EigenGame:
[[-0.379 -0.207  0.557  0.134  0.275 -0.498  0.402]
 [-0.379 -0.223 -0.042 -0.59   0.156  0.551  0.359]
 [-0.375  0.268  0.398  0.078 -0.764  0.197 -0.027]
 [-0.377  0.422 -0.355  0.584  0.263  0.248  0.285]
 [-0.38  -0.605 -0.009  0.341  0.078  0.207 -0.57 ]
 [-0.377 -0.163 -0.63  -0.173 -0.355 -0.519  0.094]
 [-0.377  0.515  0.081 -0.375  0.339 -0.188 -0.542]]
EigenVectors obtained through numpy:
[[-0.379 -0.207  0.574 -0.01   0.274 -0.381  0.514]
 [-0.379 -0.223 -0.192 -0.558  0.161  0.624  0.21 ]
 [-0.375  0.268  0.403 -0.033 -0.764  0.185 -0.075]
 [-0.377  0.422 -0.193  0.658  0.258  0.312  0.214]
 [-0.38  -0.605  0.079  0.332  0.075  0.057 -0.603]
 [-0.377 -0.163 -0.654 -0.009 -0.355 -0.479  0.22 ]
 [-0.377  0.515 -0.018 -0.38   0.343 -0.319 -0.477]]
Learning Rate : 30
Distance measure: 0.512
Time taken to converge as per expectation: inf s