
Playing the asymmetric EigenGame (Variant a, momentum)...
Time taken: 182.85791492462158s
EigenVectors obtained through EigenGame:
[[ 0.379 -0.153  0.388 -0.502  0.091  0.645  0.069]
 [ 0.379 -0.191 -0.107 -0.043  0.568 -0.241 -0.65 ]
 [ 0.375  0.29  -0.473 -0.459 -0.543 -0.13  -0.182]
 [ 0.377  0.349  0.588  0.447 -0.329 -0.065 -0.277]
 [ 0.38  -0.62   0.157 -0.023 -0.199 -0.502  0.392]
 [ 0.377 -0.216 -0.489  0.579 -0.064  0.471  0.1  ]
 [ 0.377  0.55  -0.069  0.     0.471 -0.176  0.547]]
EigenVectors obtained through numpy:
[[ 0.379 -0.207  0.274 -0.574  0.01   0.514  0.381]
 [ 0.379 -0.223  0.161  0.192  0.558  0.21  -0.624]
 [ 0.375  0.268 -0.764 -0.403  0.033 -0.075 -0.185]
 [ 0.377  0.422  0.258  0.193 -0.658  0.214 -0.312]
 [ 0.38  -0.605  0.075 -0.079 -0.332 -0.603 -0.057]
 [ 0.377 -0.163 -0.355  0.654  0.009  0.22   0.479]
 [ 0.377  0.515  0.343  0.018  0.38  -0.477  0.319]]
Learning Rate : 1e-07
Distance measure: 1.436
Time taken to converge as per expectation: inf s