
Playing the asymmetric EigenGame (Variant a, adagrad)...
Time taken: 82.40699887275696s
EigenVectors obtained through EigenGame:
[[ 0.448  0.603 -0.383  0.479  0.243]
 [ 0.449 -0.669  0.094  0.568 -0.14 ]
 [ 0.443  0.357  0.447 -0.167 -0.67 ]
 [ 0.447 -0.242 -0.64  -0.563 -0.121]
 [ 0.449 -0.044  0.484 -0.321  0.677]]
EigenVectors obtained through numpy:
[[ 0.448  0.603 -0.382  0.48   0.243]
 [ 0.449 -0.669  0.094  0.568 -0.14 ]
 [ 0.443  0.357  0.447 -0.168 -0.67 ]
 [ 0.447 -0.242 -0.641 -0.563 -0.121]
 [ 0.449 -0.044  0.484 -0.321  0.677]]
Learning Rate : 15
Distance measure: 0.001
Time taken to converge as per expectation: 82.40540909767151 s