
Playing the asymmetric EigenGame (Variant b, adagrad)...
Time taken: 190.68446612358093s
EigenVectors obtained through EigenGame:
[[-0.379  0.207 -0.382 -0.428 -0.253 -0.363  0.536]
 [-0.379  0.223  0.54  -0.243 -0.186  0.626  0.174]
 [-0.375 -0.268 -0.256 -0.311  0.754  0.217 -0.09 ]
 [-0.377 -0.422 -0.348  0.589 -0.279  0.311  0.197]
 [-0.38   0.605 -0.297  0.169 -0.083  0.018 -0.605]
 [-0.377  0.163  0.45   0.473  0.378 -0.448  0.246]
 [-0.377 -0.515  0.293 -0.249 -0.324 -0.362 -0.456]]
EigenVectors obtained through numpy:
[[-0.379  0.207  0.01  -0.574 -0.274 -0.381  0.514]
 [-0.379  0.223  0.558  0.192 -0.161  0.624  0.21 ]
 [-0.375 -0.268  0.033 -0.403  0.764  0.185 -0.075]
 [-0.377 -0.422 -0.658  0.193 -0.258  0.312  0.214]
 [-0.38   0.605 -0.332 -0.079 -0.075  0.057 -0.603]
 [-0.377  0.163  0.009  0.654  0.355 -0.479  0.22 ]
 [-0.377 -0.515  0.38   0.018 -0.343 -0.319 -0.477]]
Learning Rate : 20
Distance measure: 1.044
Time taken to converge as per expectation: inf s