
Playing the asymmetric EigenGame (Variant c)...
Time taken: 84.54995083808899s
EigenVectors obtained through EigenGame:
[[ 0.448 -0.554  0.359 -0.566 -0.202]
 [ 0.449  0.649 -0.144 -0.172 -0.572]
 [ 0.443 -0.455 -0.585  0.482 -0.163]
 [ 0.447  0.21  -0.29  -0.308  0.757]
 [ 0.449  0.144  0.651  0.568  0.182]]
EigenVectors obtained through numpy:
[[ 0.448 -0.603  0.243 -0.382 -0.48 ]
 [ 0.449  0.669 -0.14   0.094 -0.568]
 [ 0.443 -0.357 -0.67   0.447  0.168]
 [ 0.447  0.242 -0.121 -0.641  0.563]
 [ 0.449  0.044  0.677  0.484  0.321]]
Learning Rate : 5e-08
Distance measure: 0.735
Time taken to converge as per expectation: inf s