
Playing the asymmetric EigenGame (Variant a, momentum)...
Time taken: 184.3603277206421s
EigenVectors obtained through EigenGame:
[[-0.379  0.274 -0.467  0.534  0.49  -0.145  0.489]
 [-0.379  0.29   0.392  0.455  0.157  0.624  0.019]
 [-0.375 -0.194 -0.446  0.208 -0.648  0.201 -0.05 ]
 [-0.377 -0.345 -0.225 -0.516  0.339  0.278  0.121]
 [-0.38   0.665 -0.386 -0.14   0.211  0.297 -0.429]
 [-0.377  0.23   0.48  -0.33  -0.323 -0.567 -0.149]
 [-0.377 -0.436  0.002  0.264  0.226 -0.249 -0.733]]
EigenVectors obtained through numpy:
[[-0.379  0.207 -0.574  0.01   0.274 -0.381  0.514]
 [-0.379  0.223  0.192  0.558  0.161  0.624  0.21 ]
 [-0.375 -0.268 -0.403  0.033 -0.764  0.185 -0.075]
 [-0.377 -0.422  0.193 -0.658  0.258  0.312  0.214]
 [-0.38   0.605 -0.079 -0.332  0.075  0.057 -0.603]
 [-0.377  0.163  0.654  0.009 -0.355 -0.479  0.22 ]
 [-0.377 -0.515  0.018  0.38   0.343 -0.319 -0.477]]
Learning Rate : 0.0001
Distance measure: 1.181
Time taken to converge as per expectation: inf s