
Playing the asymmetric EigenGame (Variant c, adagrad)...
Time taken: 196.25068712234497s
EigenVectors obtained through EigenGame:
[[ 0.283 -0.109 -0.251  0.209  0.487  0.776  0.522]
 [ 0.466 -0.009 -0.252  0.091  0.303 -0.176 -0.159]
 [ 0.491  0.169  0.294  0.447 -0.092 -0.247 -0.575]
 [ 0.186  0.632  0.454 -0.219  0.152 -0.241 -0.328]
 [ 0.305  0.474 -0.025 -0.409 -0.601 -0.352 -0.021]
 [ 0.356  0.563  0.217 -0.418 -0.331  0.352  0.39 ]
 [ 0.456 -0.137  0.73   0.598  0.411 -0.035  0.333]]
EigenVectors obtained through numpy:
[[ 0.379 -0.01  -0.207  0.574  0.274  0.514  0.381]
 [ 0.379 -0.558 -0.223 -0.192  0.161  0.21  -0.624]
 [ 0.375 -0.033  0.268  0.403 -0.764 -0.075 -0.185]
 [ 0.377  0.658  0.422 -0.193  0.258  0.214 -0.312]
 [ 0.38   0.332 -0.605  0.079  0.075 -0.603 -0.057]
 [ 0.377 -0.009 -0.163 -0.654 -0.355  0.22   0.479]
 [ 0.377 -0.38   0.515 -0.018  0.343 -0.477  0.319]]
Learning Rate : 0.005
Distance measure: 2.092
Time taken to converge as per expectation: inf s