
Playing the asymmetric EigenGame (Variant c, adagrad)...
Time taken: 191.3750777244568s
EigenVectors obtained through EigenGame:
[[-0.379 -0.207 -0.571  0.047 -0.273 -0.424  0.481]
 [-0.379 -0.223  0.225  0.547 -0.159  0.603  0.26 ]
 [-0.375  0.268 -0.404  0.048  0.761  0.196 -0.059]
 [-0.377  0.422  0.155 -0.665 -0.267  0.291  0.239]
 [-0.38  -0.605 -0.098 -0.326 -0.08   0.107 -0.597]
 [-0.377 -0.163  0.652 -0.033  0.361 -0.493  0.18 ]
 [-0.377  0.515  0.042  0.382 -0.336 -0.281 -0.502]]
EigenVectors obtained through numpy:
[[-0.379 -0.207 -0.574  0.01  -0.274 -0.381  0.514]
 [-0.379 -0.223  0.192  0.558 -0.161  0.624  0.21 ]
 [-0.375  0.268 -0.403  0.033  0.764  0.185 -0.075]
 [-0.377  0.422  0.193 -0.658 -0.258  0.312  0.214]
 [-0.38  -0.605 -0.079 -0.332 -0.075  0.057 -0.603]
 [-0.377 -0.163  0.654  0.009  0.355 -0.479  0.22 ]
 [-0.377  0.515  0.018  0.38  -0.343 -0.319 -0.477]]
Learning Rate : 25
Distance measure: 0.146
Time taken to converge as per expectation: inf s