
Playing the symmetric penalty EigenGame (Variant b)...
EigenVectors obtained through EigenGame:
[[-0.232  0.537 -0.671  0.066  0.448]
 [ 0.179 -0.706 -0.366 -0.37   0.449]
 [ 0.698  0.391  0.345 -0.208  0.443]
 [ 0.019 -0.245  0.183  0.841  0.447]
 [-0.653  0.028  0.513 -0.328  0.449]]
EigenVectors obtained through numpy:
[[-0.243  0.603 -0.48   0.382  0.448]
 [ 0.14  -0.669 -0.568 -0.094  0.449]
 [ 0.67   0.357  0.168 -0.447  0.443]
 [ 0.121 -0.242  0.563  0.641  0.447]
 [-0.677 -0.044  0.321 -0.484  0.449]]
Learning Rate : 1e-06
Distance measure: 0.783