
Playing the asymmetric EigenGame (Variant a, momentum)...
Time taken: 80.2676796913147s
EigenVectors obtained through EigenGame:
[[ 0.448 -0.412 -0.633 -0.414  0.232]
 [ 0.449  0.837 -0.296  0.033 -0.115]
 [ 0.443 -0.355 -0.025  0.519 -0.64 ]
 [ 0.447 -0.019  0.644 -0.591 -0.186]
 [ 0.449 -0.056  0.311  0.457  0.699]]
EigenVectors obtained through numpy:
[[ 0.448 -0.603 -0.48  -0.382  0.243]
 [ 0.449  0.669 -0.568  0.094 -0.14 ]
 [ 0.443 -0.357  0.168  0.447 -0.67 ]
 [ 0.447  0.242  0.563 -0.641 -0.121]
 [ 0.449  0.044  0.321  0.484  0.677]]
Learning Rate : 1e-07
Distance measure: 0.551
Time taken to converge as per expectation: inf s