
Playing the asymmetric EigenGame (Variant b, adagrad)...
Time taken: 224.65919470787048s
EigenVectors obtained through EigenGame:
[[-0.379 -0.207 -0.571 -0.066  0.272 -0.401 -0.499]
 [-0.379 -0.223  0.117  0.576  0.167  0.615 -0.233]
 [-0.375  0.268 -0.403 -0.014 -0.765  0.189  0.068]
 [-0.377  0.422  0.276 -0.629  0.254  0.303 -0.226]
 [-0.38  -0.605 -0.035 -0.34   0.073  0.08   0.601]
 [-0.377 -0.163  0.648  0.096 -0.353 -0.487 -0.202]
 [-0.377  0.515 -0.032  0.377  0.345 -0.301  0.489]]
EigenVectors obtained through numpy:
[[-0.379 -0.207 -0.574  0.01   0.274 -0.381 -0.514]
 [-0.379 -0.223  0.192  0.558  0.161  0.624 -0.21 ]
 [-0.375  0.268 -0.403  0.033 -0.764  0.185  0.075]
 [-0.377  0.422  0.193 -0.658  0.258  0.312 -0.214]
 [-0.38  -0.605 -0.079 -0.332  0.075  0.057  0.603]
 [-0.377 -0.163  0.654  0.009 -0.355 -0.479 -0.22 ]
 [-0.377  0.515  0.018  0.38   0.343 -0.319  0.477]]
Learning Rate : 45
Distance measure: 0.192
Time taken to converge as per expectation: inf s