
Playing the asymmetric EigenGame (Variant a, momentum)...
Time taken: 215.0095443725586s
EigenVectors obtained through EigenGame:
[[-0.254  0.072  0.336 -0.506 -0.377 -0.45   0.142]
 [-0.323  0.107 -0.249 -0.028 -0.676  0.453 -0.336]
 [-0.382 -0.348  0.544 -0.067 -0.23   0.252  0.746]
 [-0.32  -0.516 -0.006 -0.551  0.484  0.187 -0.203]
 [-0.506  0.527  0.323  0.05   0.302 -0.197 -0.2  ]
 [-0.318  0.049 -0.627 -0.228 -0.119 -0.521  0.461]
 [-0.475 -0.562  0.177  0.618 -0.093 -0.428 -0.131]]
EigenVectors obtained through numpy:
[[-0.379  0.207  0.574 -0.514 -0.01  -0.381 -0.274]
 [-0.379  0.223 -0.192 -0.21  -0.558  0.624 -0.161]
 [-0.375 -0.268  0.403  0.075 -0.033  0.185  0.764]
 [-0.377 -0.422 -0.193 -0.214  0.658  0.312 -0.258]
 [-0.38   0.605  0.079  0.603  0.332  0.057 -0.075]
 [-0.377  0.163 -0.654 -0.22  -0.009 -0.479  0.355]
 [-0.377 -0.515 -0.018  0.477 -0.38  -0.319 -0.343]]
Learning Rate : 15
Distance measure: 1.244
Time taken to converge as per expectation: inf s