
Playing the asymmetric EigenGame (Variant c)...
EigenVectors obtained through EigenGame:
[[-0.448  0.607 -0.442  0.42  -0.244]
 [-0.449 -0.67   0.003  0.574  0.139]
 [-0.443  0.352  0.47  -0.099  0.67 ]
 [-0.447 -0.235 -0.554 -0.65   0.122]
 [-0.449 -0.049  0.526 -0.249 -0.677]]
EigenVectors obtained through numpy:
[[-0.448  0.603 -0.382  0.48  -0.243]
 [-0.449 -0.669  0.094  0.568  0.14 ]
 [-0.443  0.357  0.447 -0.168  0.67 ]
 [-0.447 -0.242 -0.641 -0.563  0.121]
 [-0.449 -0.044  0.484 -0.321 -0.677]]
Learning Rate : 20
Distance measure: 0.207