
Playing the asymmetric EigenGame (Variant a, adagrad)...
Time taken: 174.1444628238678s
EigenVectors obtained through EigenGame:
[[-0.379  0.207 -0.574  0.002  0.274  0.249 -0.589]
 [-0.379  0.223  0.177 -0.564  0.157 -0.655 -0.058]
 [-0.375 -0.268 -0.404 -0.016 -0.764 -0.162  0.116]
 [-0.377 -0.422  0.21   0.65   0.264 -0.353 -0.135]
 [-0.38   0.605 -0.071  0.334  0.078  0.087  0.6  ]
 [-0.377  0.163  0.653 -0.023 -0.355  0.413 -0.326]
 [-0.377 -0.515  0.008 -0.383  0.339  0.423  0.389]]
EigenVectors obtained through numpy:
[[-0.379  0.207 -0.574 -0.01   0.274  0.381 -0.514]
 [-0.379  0.223  0.192 -0.558  0.161 -0.624 -0.21 ]
 [-0.375 -0.268 -0.403 -0.033 -0.764 -0.185  0.075]
 [-0.377 -0.422  0.193  0.658  0.258 -0.312 -0.214]
 [-0.38   0.605 -0.079  0.332  0.075 -0.057  0.603]
 [-0.377  0.163  0.654 -0.009 -0.355  0.479 -0.22 ]
 [-0.377 -0.515  0.018 -0.38   0.343  0.319  0.477]]
Learning Rate : 5
Distance measure: 0.337
Time taken to converge as per expectation: inf s