
Playing the asymmetric EigenGame (Variant c, adagrad)...
Time taken: 234.3827028274536s
EigenVectors obtained through EigenGame:
[[-0.379 -0.126 -0.571 -0.29   0.261 -0.13  -0.588]
 [-0.379 -0.173 -0.044  0.292  0.453  0.692  0.221]
 [-0.375  0.307 -0.335  0.202 -0.743  0.245  0.022]
 [-0.377  0.307  0.466 -0.71  -0.012  0.207  0.02 ]
 [-0.38  -0.627 -0.058 -0.186 -0.188 -0.336  0.526]
 [-0.377 -0.24   0.581  0.418 -0.127 -0.167 -0.494]
 [-0.377  0.561 -0.037  0.278  0.35  -0.51   0.29 ]]
EigenVectors obtained through numpy:
[[-0.379 -0.207 -0.574  0.01   0.274 -0.381 -0.514]
 [-0.379 -0.223  0.192  0.558  0.161  0.624 -0.21 ]
 [-0.375  0.268 -0.403  0.033 -0.764  0.185  0.075]
 [-0.377  0.422  0.193 -0.658  0.258  0.312 -0.214]
 [-0.38  -0.605 -0.079 -0.332  0.075  0.057  0.603]
 [-0.377 -0.163  0.654  0.009 -0.355 -0.479 -0.22 ]
 [-0.377  0.515  0.018  0.38   0.343 -0.319  0.477]]
Learning Rate : 10
Distance measure: 1.258
Time taken to converge as per expectation: inf s