
Playing the asymmetric EigenGame (Variant b, rmsprop)...
Time taken: 223.79691982269287s
EigenVectors obtained through EigenGame:
[[ 0.379  0.207  0.574 -0.023  0.176 -0.502 -0.581]
 [ 0.379  0.223 -0.19  -0.573  0.083  0.467 -0.298]
 [ 0.375 -0.268  0.403 -0.051 -0.824  0.081 -0.016]
 [ 0.377 -0.422 -0.195  0.642  0.169  0.194 -0.296]
 [ 0.38   0.605  0.078  0.316 -0.001 -0.01   0.501]
 [ 0.377  0.163 -0.654 -0.029 -0.435 -0.575 -0.295]
 [ 0.377 -0.515 -0.017 -0.395  0.258 -0.394  0.383]]
EigenVectors obtained through numpy:
[[ 0.379  0.207  0.574 -0.01   0.274 -0.381 -0.514]
 [ 0.379  0.223 -0.192 -0.558  0.161  0.624 -0.21 ]
 [ 0.375 -0.268  0.403 -0.033 -0.764  0.185  0.075]
 [ 0.377 -0.422 -0.193  0.658  0.258  0.312 -0.214]
 [ 0.38   0.605  0.079  0.332  0.075  0.057  0.603]
 [ 0.377  0.163 -0.654 -0.009 -0.355 -0.479 -0.22 ]
 [ 0.377 -0.515 -0.018 -0.38   0.343 -0.319  0.477]]
Learning Rate : 0.1
Distance measure: 0.429
Time taken to converge as per expectation: inf s