
Playing the asymmetric EigenGame (Variant a, momentum)...
Time taken: 212.64153599739075s
EigenVectors obtained through EigenGame:
[[-0.484 -0.262  0.711 -0.055  0.288 -0.331 -0.343]
 [-0.417 -0.297  0.435  0.523 -0.194  0.349  0.698]
 [-0.349  0.16   0.222 -0.077 -0.031  0.764 -0.378]
 [-0.416  0.327 -0.359  0.1    0.365 -0.359 -0.162]
 [-0.236 -0.718 -0.328 -0.32  -0.092  0.149 -0.032]
 [-0.417 -0.238 -0.121  0.679 -0.239  0.07  -0.471]
 [-0.261  0.373 -0.07  -0.379 -0.824 -0.172 -0.054]]
EigenVectors obtained through numpy:
[[-0.379 -0.207  0.514 -0.574 -0.01  -0.274 -0.381]
 [-0.379 -0.223  0.21   0.192 -0.558 -0.161  0.624]
 [-0.375  0.268 -0.075 -0.403 -0.033  0.764  0.185]
 [-0.377  0.422  0.214  0.193  0.658 -0.258  0.312]
 [-0.38  -0.605 -0.603 -0.079  0.332 -0.075  0.057]
 [-0.377 -0.163  0.22   0.654 -0.009  0.355 -0.479]
 [-0.377  0.515 -0.477  0.018 -0.38  -0.343 -0.319]]
Learning Rate : 10
Distance measure: 1.869
Time taken to converge as per expectation: inf s