
Playing the asymmetric EigenGame (Variant b, rmsprop)...
Time taken: 242.21438193321228s
EigenVectors obtained through EigenGame:
[[ 0.379  0.209  0.57   0.036  0.278  0.337  0.543]
 [ 0.379  0.225 -0.236  0.53   0.202 -0.637  0.154]
 [ 0.375 -0.266  0.398  0.12  -0.756 -0.178 -0.092]
 [ 0.377 -0.42  -0.143 -0.686  0.21  -0.328  0.185]
 [ 0.38   0.606  0.103 -0.328  0.053 -0.004 -0.608]
 [ 0.377  0.165 -0.654 -0.014 -0.355  0.46   0.258]
 [ 0.377 -0.513 -0.049  0.353  0.37   0.36  -0.451]]
EigenVectors obtained through numpy:
[[ 0.379  0.207  0.574  0.01   0.274  0.381  0.514]
 [ 0.379  0.223 -0.192  0.558  0.161 -0.624  0.21 ]
 [ 0.375 -0.268  0.403  0.033 -0.764 -0.185 -0.075]
 [ 0.377 -0.422 -0.193 -0.658  0.258 -0.312  0.214]
 [ 0.38   0.605  0.079 -0.332  0.075 -0.057 -0.603]
 [ 0.377  0.163 -0.654  0.009 -0.355  0.479  0.22 ]
 [ 0.377 -0.515 -0.018  0.38   0.343  0.319 -0.477]]
Learning Rate : 0.005
Distance measure: 0.192
Time taken to converge as per expectation: inf s