
Playing the asymmetric EigenGame (Variant c, rmsprop)...
Time taken: 207.99196100234985s
EigenVectors obtained through EigenGame:
[[ 0.379  0.212  0.175 -0.384  0.639  0.357  0.307]
 [ 0.379 -0.378  0.436 -0.359  0.04  -0.486 -0.405]
 [ 0.375  0.43  -0.451 -0.227 -0.211  0.196 -0.582]
 [ 0.377 -0.126 -0.465  0.52   0.461 -0.374  0.006]
 [ 0.38   0.589  0.383  0.296 -0.334 -0.289  0.283]
 [ 0.377 -0.372  0.281  0.466 -0.149  0.612 -0.16 ]
 [ 0.377 -0.355 -0.366 -0.312 -0.447 -0.011  0.546]]
EigenVectors obtained through numpy:
[[ 0.379  0.574  0.207 -0.01   0.514  0.381  0.274]
 [ 0.379 -0.192  0.223 -0.558  0.21  -0.624  0.161]
 [ 0.375  0.403 -0.268 -0.033 -0.075 -0.185 -0.764]
 [ 0.377 -0.193 -0.422  0.658  0.214 -0.312  0.258]
 [ 0.38   0.079  0.605  0.332 -0.603 -0.057  0.075]
 [ 0.377 -0.654  0.163 -0.009  0.22   0.479 -0.355]
 [ 0.377 -0.018 -0.515 -0.38  -0.477  0.319  0.343]]
Learning Rate : 5e-05
Distance measure: 1.576
Time taken to converge as per expectation: inf s