
Playing the asymmetric EigenGame (Variant a, adagrad)...
Time taken: 173.71865105628967s
EigenVectors obtained through EigenGame:
[[-0.379 -0.207 -0.573  0.04   0.274  0.368  0.522]
 [-0.379 -0.223  0.209  0.558  0.135 -0.629  0.196]
 [-0.375  0.268 -0.403  0.012 -0.766 -0.18  -0.08 ]
 [-0.377  0.422  0.173 -0.652  0.284 -0.318  0.207]
 [-0.38  -0.605 -0.089 -0.326  0.089 -0.044 -0.604]
 [-0.377 -0.163  0.654 -0.026 -0.352  0.475  0.231]
 [-0.377  0.515  0.03   0.394  0.328  0.329 -0.47 ]]
EigenVectors obtained through numpy:
[[-0.379 -0.207 -0.574  0.01   0.274  0.381  0.514]
 [-0.379 -0.223  0.192  0.558  0.161 -0.624  0.21 ]
 [-0.375  0.268 -0.403  0.033 -0.764 -0.185 -0.075]
 [-0.377  0.422  0.193 -0.658  0.258 -0.312  0.214]
 [-0.38  -0.605 -0.079 -0.332  0.075 -0.057 -0.603]
 [-0.377 -0.163  0.654  0.009 -0.355  0.479  0.22 ]
 [-0.377  0.515  0.018  0.38   0.343  0.319 -0.477]]
Learning Rate : 10
Distance measure: 0.081
Time taken to converge as per expectation: inf s