
Playing the asymmetric EigenGame (Variant c, adagrad)...
Time taken: 213.82007598876953s
EigenVectors obtained through EigenGame:
[[ 0.379  0.154  0.553 -0.409  0.317 -0.167  0.482]
 [ 0.379  0.242 -0.241  0.728  0.299 -0.258  0.23 ]
 [ 0.375 -0.313  0.451  0.375 -0.248  0.597 -0.025]
 [ 0.377 -0.398 -0.197 -0.101 -0.616 -0.476  0.207]
 [ 0.38   0.595  0.16  -0.08  -0.285 -0.139 -0.606]
 [ 0.377  0.221 -0.592 -0.342 -0.007  0.543  0.221]
 [ 0.377 -0.508 -0.135 -0.171  0.537 -0.095 -0.505]]
EigenVectors obtained through numpy:
[[ 0.379  0.207  0.574 -0.381  0.01  -0.274  0.514]
 [ 0.379  0.223 -0.192  0.624  0.558 -0.161  0.21 ]
 [ 0.375 -0.268  0.403  0.185  0.033  0.764 -0.075]
 [ 0.377 -0.422 -0.193  0.312 -0.658 -0.258  0.214]
 [ 0.38   0.605  0.079  0.057 -0.332 -0.075 -0.603]
 [ 0.377  0.163 -0.654 -0.479  0.009  0.355  0.22 ]
 [ 0.377 -0.515 -0.018 -0.319  0.38  -0.343 -0.477]]
Learning Rate : 15
Distance measure: 0.887
Time taken to converge as per expectation: inf s