
Playing the asymmetric EigenGame (Variant c, adagrad)...
Time taken: 189.66094183921814s
EigenVectors obtained through EigenGame:
[[0.045 0.087 0.092 0.126 0.768 0.275 0.311]
 [0.468 0.376 0.501 0.328 0.349 0.158 0.087]
 [0.417 0.305 0.183 0.258 0.334 0.581 0.31 ]
 [0.241 0.549 0.486 0.562 0.188 0.214 0.601]
 [0.595 0.459 0.095 0.07  0.05  0.156 0.258]
 [0.407 0.496 0.497 0.434 0.325 0.41  0.304]
 [0.165 0.015 0.464 0.549 0.181 0.569 0.528]]
EigenVectors obtained through numpy:
[[-0.381 -0.01  -0.574 -0.207  0.514 -0.274  0.379]
 [ 0.624 -0.558  0.192 -0.223  0.21  -0.161  0.379]
 [ 0.185 -0.033 -0.403  0.268 -0.075  0.764  0.375]
 [ 0.312  0.658  0.193  0.422  0.214 -0.258  0.377]
 [ 0.057  0.332 -0.079 -0.605 -0.603 -0.075  0.38 ]
 [-0.479 -0.009  0.654 -0.163  0.22   0.355  0.377]
 [-0.319 -0.38   0.018  0.515 -0.477 -0.343  0.377]]
Learning Rate : 5e-09
Distance measure: 2.887
Time taken to converge as per expectation: inf s