
Playing the asymmetric EigenGame (Variant c)...
EigenVectors obtained through EigenGame:
[[ 0.448  0.613 -0.363  0.487 -0.236]
 [ 0.449 -0.672  0.082  0.565  0.148]
 [ 0.443  0.346  0.455 -0.182  0.667]
 [ 0.447 -0.225 -0.652 -0.559  0.113]
 [ 0.449 -0.057  0.48  -0.315 -0.682]]
EigenVectors obtained through numpy:
[[ 0.448  0.603 -0.382  0.48  -0.243]
 [ 0.449 -0.669  0.094  0.568  0.14 ]
 [ 0.443  0.357  0.447 -0.168  0.67 ]
 [ 0.447 -0.242 -0.641 -0.563  0.121]
 [ 0.449 -0.044  0.484 -0.321 -0.677]]
Learning Rate : 0.0001
Distance measure: 0.044