
Playing the asymmetric EigenGame (Variant a, momentum)...
Time taken: 206.43842387199402s
EigenVectors obtained through EigenGame:
[[-0.255  0.241  0.128 -0.625 -0.308 -0.31  -0.402]
 [-0.323  0.278  0.237  0.214 -0.408 -0.236  0.584]
 [-0.382 -0.183  0.13  -0.058  0.195  0.579 -0.268]
 [-0.32  -0.353 -0.77  -0.171  0.102 -0.22   0.44 ]
 [-0.505  0.708 -0.191  0.206  0.801 -0.075  0.404]
 [-0.319  0.218 -0.467  0.645 -0.122  0.194 -0.25 ]
 [-0.474 -0.397  0.251  0.268  0.186 -0.649 -0.079]]
EigenVectors obtained through numpy:
[[-0.379  0.207  0.01  -0.574 -0.514 -0.274 -0.381]
 [-0.379  0.223  0.558  0.192 -0.21  -0.161  0.624]
 [-0.375 -0.268  0.033 -0.403  0.075  0.764  0.185]
 [-0.377 -0.422 -0.658  0.193 -0.214 -0.258  0.312]
 [-0.38   0.605 -0.332 -0.079  0.603 -0.075  0.057]
 [-0.377  0.163  0.009  0.654 -0.22   0.355 -0.479]
 [-0.377 -0.515  0.38   0.018  0.477 -0.343 -0.319]]
Learning Rate : 0.01
Distance measure: 1.357
Time taken to converge as per expectation: inf s