
Playing the asymmetric EigenGame (Variant c, rmsprop)...
Time taken: 212.3894920349121s
EigenVectors obtained through EigenGame:
[[ 0.379  0.104  0.601 -0.012 -0.26  -0.387 -0.516]
 [ 0.38   0.249 -0.13   0.564 -0.185  0.619 -0.205]
 [ 0.375 -0.334  0.352  0.022  0.758  0.21   0.077]
 [ 0.377 -0.378 -0.285 -0.652 -0.265  0.304 -0.212]
 [ 0.38   0.584  0.169 -0.335 -0.075  0.051  0.604]
 [ 0.377  0.274 -0.616  0.035  0.37  -0.466 -0.223]
 [ 0.378 -0.507 -0.091  0.379 -0.333 -0.334  0.476]]
EigenVectors obtained through numpy:
[[ 0.379  0.207  0.574  0.01  -0.274 -0.381 -0.514]
 [ 0.379  0.223 -0.192  0.558 -0.161  0.624 -0.21 ]
 [ 0.375 -0.268  0.403  0.033  0.764  0.185  0.075]
 [ 0.377 -0.422 -0.193 -0.658 -0.258  0.312 -0.214]
 [ 0.38   0.605  0.079 -0.332 -0.075  0.057  0.603]
 [ 0.377  0.163 -0.654  0.009  0.355 -0.479 -0.22 ]
 [ 0.377 -0.515 -0.018  0.38  -0.343 -0.319  0.477]]
Learning Rate : 0.0005
Distance measure: 0.254
Time taken to converge as per expectation: inf s