
Playing the asymmetric EigenGame (Variant c, rmsprop)...
Time taken: 203.6981439590454s
EigenVectors obtained through EigenGame:
[[ 0.379  0.208 -0.575  0.031 -0.272 -0.378 -0.517]
 [ 0.379  0.224  0.151 -0.568 -0.162  0.625 -0.209]
 [ 0.375 -0.268 -0.407 -0.005  0.765  0.187  0.074]
 [ 0.377 -0.422  0.236  0.645 -0.256  0.314 -0.214]
 [ 0.38   0.605 -0.058  0.339 -0.073  0.056  0.602]
 [ 0.377  0.163  0.65  -0.053  0.357 -0.476 -0.224]
 [ 0.377 -0.514 -0.01  -0.379 -0.341 -0.32   0.475]]
EigenVectors obtained through numpy:
[[ 0.379  0.207 -0.574 -0.01  -0.274 -0.381 -0.514]
 [ 0.379  0.223  0.192 -0.558 -0.161  0.624 -0.21 ]
 [ 0.375 -0.268 -0.403 -0.033  0.764  0.185  0.075]
 [ 0.377 -0.422  0.193  0.658 -0.258  0.312 -0.214]
 [ 0.38   0.605 -0.079  0.332 -0.075  0.057  0.603]
 [ 0.377  0.163  0.654 -0.009  0.355 -0.479 -0.22 ]
 [ 0.377 -0.515  0.018 -0.38  -0.343 -0.319  0.477]]
Learning Rate : 0.005
Distance measure: 0.098
Time taken to converge as per expectation: inf s