
Playing the asymmetric EigenGame (Variant a, adagrad)...
Time taken: 190.0150089263916s
EigenVectors obtained through EigenGame:
[[-0.379  0.207 -0.573 -0.02   0.276  0.309  0.559]
 [-0.379  0.223  0.206 -0.549  0.168 -0.646  0.127]
 [-0.375 -0.268 -0.402 -0.058 -0.764 -0.17  -0.098]
 [-0.377 -0.422  0.176  0.667  0.244 -0.338  0.171]
 [-0.38   0.605 -0.088  0.332  0.069  0.022 -0.606]
 [-0.377  0.163  0.654  0.001 -0.352  0.448  0.281]
 [-0.377 -0.515  0.028 -0.373  0.351  0.377 -0.432]]
EigenVectors obtained through numpy:
[[-0.379  0.207 -0.574 -0.01   0.274  0.381  0.514]
 [-0.379  0.223  0.192 -0.558  0.161 -0.624  0.21 ]
 [-0.375 -0.268 -0.403 -0.033 -0.764 -0.185 -0.075]
 [-0.377 -0.422  0.193  0.658  0.258 -0.312  0.214]
 [-0.38   0.605 -0.079  0.332  0.075 -0.057 -0.603]
 [-0.377  0.163  0.654 -0.009 -0.355  0.479  0.22 ]
 [-0.377 -0.515  0.018 -0.38   0.343  0.319 -0.477]]
Learning Rate : 20
Distance measure: 0.19
Time taken to converge as per expectation: inf s