
Playing the asymmetric EigenGame (Variant a, rmsprop)...
Time taken: 296.6125898361206s
EigenVectors obtained through EigenGame:
[[0.217 0.229 0.519 0.081 0.528 0.405 0.477]
 [0.112 0.167 0.49  0.5   0.44  0.119 0.01 ]
 [0.298 0.547 0.057 0.099 0.299 0.247 0.491]
 [0.421 0.223 0.428 0.227 0.01  0.094 0.385]
 [0.152 0.586 0.38  0.556 0.383 0.431 0.302]
 [0.523 0.472 0.386 0.121 0.531 0.411 0.513]
 [0.615 0.063 0.107 0.599 0.1   0.63  0.17 ]]
EigenVectors obtained through numpy:
[[-0.574 -0.274  0.379 -0.514  0.207  0.381 -0.01 ]
 [ 0.192 -0.161  0.379 -0.21   0.223 -0.624 -0.558]
 [-0.403  0.764  0.375  0.075 -0.268 -0.185 -0.033]
 [ 0.193 -0.258  0.377 -0.214 -0.422 -0.312  0.658]
 [-0.079 -0.075  0.38   0.603  0.605 -0.057  0.332]
 [ 0.654  0.355  0.377 -0.22   0.163  0.479 -0.009]
 [ 0.018 -0.343  0.377  0.477 -0.515  0.319 -0.38 ]]
Learning Rate : 5e-09
Distance measure: 2.864
Time taken to converge as per expectation: inf s