
Playing the asymmetric EigenGame (Variant a, momentum)...
Time taken: 176.96647310256958s
EigenVectors obtained through EigenGame:
[[ 0.379  0.307  0.412  0.206  0.482 -0.433 -0.363]
 [ 0.379  0.257  0.015  0.031 -0.628  0.295 -0.553]
 [ 0.375 -0.246  0.37   0.541 -0.309 -0.012  0.523]
 [ 0.377 -0.601  0.19  -0.632 -0.086 -0.231 -0.088]
 [ 0.38   0.519  0.079 -0.452  0.157  0.343  0.484]
 [ 0.377  0.121 -0.736  0.079 -0.103 -0.509  0.154]
 [ 0.377 -0.366 -0.33   0.233  0.485  0.544 -0.153]]
EigenVectors obtained through numpy:
[[ 0.379  0.207  0.574  0.01   0.381 -0.514 -0.274]
 [ 0.379  0.223 -0.192  0.558 -0.624 -0.21  -0.161]
 [ 0.375 -0.268  0.403  0.033 -0.185  0.075  0.764]
 [ 0.377 -0.422 -0.193 -0.658 -0.312 -0.214 -0.258]
 [ 0.38   0.605  0.079 -0.332 -0.057  0.603 -0.075]
 [ 0.377  0.163 -0.654  0.009  0.479 -0.22   0.355]
 [ 0.377 -0.515 -0.018  0.38   0.319  0.477 -0.343]]
Learning Rate : 5e-08
Distance measure: 1.6
Time taken to converge as per expectation: inf s