
Playing the asymmetric EigenGame (Variant c)...
EigenVectors obtained through EigenGame:
[[ 0.448 -0.598 -0.396 -0.475  0.243]
 [ 0.449  0.668  0.094 -0.569 -0.14 ]
 [ 0.443 -0.363  0.445  0.161 -0.67 ]
 [ 0.447  0.25  -0.63   0.571 -0.121]
 [ 0.449  0.038  0.489  0.315  0.677]]
EigenVectors obtained through numpy:
[[ 0.448 -0.603 -0.382 -0.48   0.243]
 [ 0.449  0.669  0.094 -0.568 -0.14 ]
 [ 0.443 -0.357  0.447  0.168 -0.67 ]
 [ 0.447  0.242 -0.641  0.563 -0.121]
 [ 0.449  0.044  0.484  0.321  0.677]]
Learning Rate : 20
Distance measure: 0.026