
Playing the asymmetric EigenGame (Variant a, momentum)...
Time taken: 196.0792829990387s
EigenVectors obtained through EigenGame:
[[-0.379  0.112  0.541 -0.181  0.27  -0.725  0.058]
 [-0.379  0.128 -0.176 -0.578  0.089  0.102  0.332]
 [-0.375 -0.349  0.561 -0.234 -0.653  0.325  0.197]
 [-0.377 -0.499  0.039  0.624 -0.048 -0.24   0.109]
 [-0.38   0.499  0.142  0.204 -0.171  0.195 -0.701]
 [-0.377  0.07  -0.582 -0.158 -0.562 -0.494 -0.134]
 [-0.377 -0.589 -0.036 -0.35   0.381  0.135 -0.571]]
EigenVectors obtained through numpy:
[[-0.379  0.207  0.574 -0.01   0.274 -0.381  0.514]
 [-0.379  0.223 -0.192 -0.558  0.161  0.624  0.21 ]
 [-0.375 -0.268  0.403 -0.033 -0.764  0.185 -0.075]
 [-0.377 -0.422 -0.193  0.658  0.258  0.312  0.214]
 [-0.38   0.605  0.079  0.332  0.075  0.057 -0.603]
 [-0.377  0.163 -0.654 -0.009 -0.355 -0.479  0.22 ]
 [-0.377 -0.515 -0.018 -0.38   0.343 -0.319 -0.477]]
Learning Rate : 0.0001
Distance measure: 1.366
Time taken to converge as per expectation: inf s