
Playing the asymmetric EigenGame (Variant a, momentum)...
Time taken: 210.03392100334167s
EigenVectors obtained through EigenGame:
[[-0.484 -0.262  0.495  0.334  0.747  0.056 -0.364]
 [-0.417 -0.297  0.614  0.08   0.146  0.057  0.59 ]
 [-0.349  0.16   0.085 -0.12  -0.346  0.495 -0.675]
 [-0.416  0.327 -0.413  0.413  0.289 -0.104  0.089]
 [-0.236 -0.718 -0.426 -0.201  0.13  -0.056 -0.108]
 [-0.417 -0.238  0.136  0.553 -0.442 -0.454 -0.099]
 [-0.261  0.373  0.001 -0.593 -0.072 -0.727 -0.183]]
EigenVectors obtained through numpy:
[[-0.379 -0.207  0.01   0.514  0.274 -0.381 -0.574]
 [-0.379 -0.223  0.558  0.21   0.161  0.624  0.192]
 [-0.375  0.268  0.033 -0.075 -0.764  0.185 -0.403]
 [-0.377  0.422 -0.658  0.214  0.258  0.312  0.193]
 [-0.38  -0.605 -0.332 -0.603  0.075  0.057 -0.079]
 [-0.377 -0.163  0.009  0.22  -0.355 -0.479  0.654]
 [-0.377  0.515  0.38  -0.477  0.343 -0.319  0.018]]
Learning Rate : 0.05
Distance measure: 1.845
Time taken to converge as per expectation: inf s