
Playing the asymmetric EigenGame (Variant b, rmsprop)...
Time taken: 237.0139238834381s
EigenVectors obtained through EigenGame:
[[ 0.379  0.205  0.57  -0.051  0.273 -0.278 -0.577]
 [ 0.379  0.221 -0.234 -0.541  0.159  0.651 -0.091]
 [ 0.375 -0.27   0.398 -0.061 -0.766  0.165  0.107]
 [ 0.377 -0.425 -0.146  0.672  0.255  0.345 -0.154]
 [ 0.38   0.602  0.102  0.327  0.074 -0.058  0.602]
 [ 0.377  0.16  -0.654  0.04  -0.356 -0.432 -0.308]
 [ 0.377 -0.517 -0.048 -0.376  0.342 -0.404  0.408]]
EigenVectors obtained through numpy:
[[ 0.379  0.207  0.574 -0.01   0.274 -0.381 -0.514]
 [ 0.379  0.223 -0.192 -0.558  0.161  0.624 -0.21 ]
 [ 0.375 -0.268  0.403 -0.033 -0.764  0.185  0.075]
 [ 0.377 -0.422 -0.193  0.658  0.258  0.312 -0.214]
 [ 0.38   0.605  0.079  0.332  0.075  0.057  0.603]
 [ 0.377  0.163 -0.654 -0.009 -0.355 -0.479 -0.22 ]
 [ 0.377 -0.515 -0.018 -0.38   0.343 -0.319  0.477]]
Learning Rate : 0.005
Distance measure: 0.286
Time taken to converge as per expectation: inf s