
Playing the asymmetric EigenGame (Variant a, adagrad)...
Time taken: 187.97896695137024s
EigenVectors obtained through EigenGame:
[[ 0.379  0.203  0.502  0.348 -0.094  0.263 -0.604]
 [ 0.379  0.225  0.206 -0.642 -0.334  0.37   0.328]
 [ 0.375 -0.27   0.237  0.172  0.694  0.196  0.419]
 [ 0.377 -0.422 -0.503  0.365 -0.431  0.314  0.091]
 [ 0.38   0.604 -0.126  0.349 -0.09  -0.476  0.349]
 [ 0.377  0.167 -0.565 -0.354  0.423 -0.009 -0.454]
 [ 0.377 -0.515  0.247 -0.238 -0.161 -0.656 -0.128]]
EigenVectors obtained through numpy:
[[ 0.379  0.207  0.574 -0.01  -0.274  0.514 -0.381]
 [ 0.379  0.223 -0.192 -0.558 -0.161  0.21   0.624]
 [ 0.375 -0.268  0.403 -0.033  0.764 -0.075  0.185]
 [ 0.377 -0.422 -0.193  0.658 -0.258  0.214  0.312]
 [ 0.38   0.605  0.079  0.332 -0.075 -0.603  0.057]
 [ 0.377  0.163 -0.654 -0.009  0.355  0.22  -0.479]
 [ 0.377 -0.515 -0.018 -0.38  -0.343 -0.477 -0.319]]
Learning Rate : 0.5
Distance measure: 1.257
Time taken to converge as per expectation: inf s