
Playing the asymmetric EigenGame (Variant a, momentum)...
Time taken: 174.65644788742065s
EigenVectors obtained through EigenGame:
[[ 0.254 -0.164  0.108 -0.696 -0.535 -0.15   0.394]
 [ 0.323 -0.158 -0.412  0.123  0.091 -0.506 -0.524]
 [ 0.382  0.341  0.402 -0.476  0.408  0.201 -0.3  ]
 [ 0.32   0.472 -0.157  0.169 -0.649  0.539 -0.073]
 [ 0.506 -0.475  0.227  0.276 -0.274  0.124  0.   ]
 [ 0.318 -0.1   -0.756 -0.339  0.198  0.549  0.41 ]
 [ 0.475  0.611 -0.097  0.234  0.062 -0.272  0.553]]
EigenVectors obtained through numpy:
[[ 0.379 -0.207  0.574 -0.514 -0.274 -0.01   0.381]
 [ 0.379 -0.223 -0.192 -0.21  -0.161 -0.558 -0.624]
 [ 0.375  0.268  0.403  0.075  0.764 -0.033 -0.185]
 [ 0.377  0.422 -0.193 -0.214 -0.258  0.658 -0.312]
 [ 0.38  -0.605  0.079  0.603 -0.075  0.332 -0.057]
 [ 0.377 -0.163 -0.654 -0.22   0.355 -0.009  0.479]
 [ 0.377  0.515 -0.018  0.477 -0.343 -0.38   0.319]]
Learning Rate : 1
Distance measure: 1.554
Time taken to converge as per expectation: inf s