
Playing the asymmetric EigenGame (Variant a, momentum)...
Time taken: 177.71600604057312s
EigenVectors obtained through EigenGame:
[[-0.254  0.072  0.334 -0.444 -0.331 -0.267  0.531]
 [-0.323  0.107 -0.249 -0.422  0.061 -0.315 -0.739]
 [-0.382 -0.348  0.548 -0.026 -0.087  0.815  0.018]
 [-0.32  -0.516 -0.007  0.376 -0.619  0.009  0.122]
 [-0.506  0.527  0.322  0.556 -0.097  0.028 -0.031]
 [-0.318  0.049 -0.625  0.009 -0.288  0.368  0.329]
 [-0.475 -0.562  0.176  0.417  0.635 -0.17   0.219]]
EigenVectors obtained through numpy:
[[-0.379  0.207  0.574 -0.514  0.01  -0.274  0.381]
 [-0.379  0.223 -0.192 -0.21   0.558 -0.161 -0.624]
 [-0.375 -0.268  0.403  0.075  0.033  0.764 -0.185]
 [-0.377 -0.422 -0.193 -0.214 -0.658 -0.258 -0.312]
 [-0.38   0.605  0.079  0.603 -0.332 -0.075 -0.057]
 [-0.377  0.163 -0.654 -0.22   0.009  0.355  0.479]
 [-0.377 -0.515 -0.018  0.477  0.38  -0.343  0.319]]
Learning Rate : 25
Distance measure: 1.35
Time taken to converge as per expectation: inf s