
Playing the asymmetric EigenGame (Variant b, adagrad)...
Time taken: 203.44611477851868s
EigenVectors obtained through EigenGame:
[[-0.379  0.207 -0.57   0.061  0.274 -0.391  0.507]
 [-0.379  0.223  0.236  0.544  0.152  0.619  0.22 ]
 [-0.375 -0.268 -0.403  0.05  -0.763  0.189 -0.072]
 [-0.377 -0.422  0.141 -0.666  0.271  0.307  0.219]
 [-0.38   0.605 -0.105 -0.324  0.082  0.068 -0.602]
 [-0.377  0.163  0.651 -0.049 -0.358 -0.481  0.212]
 [-0.377 -0.515  0.05   0.384  0.334 -0.312 -0.483]]
EigenVectors obtained through numpy:
[[-0.379  0.207 -0.574  0.01   0.274 -0.381  0.514]
 [-0.379  0.223  0.192  0.558  0.161  0.624  0.21 ]
 [-0.375 -0.268 -0.403  0.033 -0.764  0.185 -0.075]
 [-0.377 -0.422  0.193 -0.658  0.258  0.312  0.214]
 [-0.38   0.605 -0.079 -0.332  0.075  0.057 -0.603]
 [-0.377  0.163  0.654  0.009 -0.355 -0.479  0.22 ]
 [-0.377 -0.515  0.018  0.38   0.343 -0.319 -0.477]]
Learning Rate : 50
Distance measure: 0.118
Time taken to converge as per expectation: inf s