
Playing the asymmetric EigenGame (Variant c)...
EigenVectors obtained through EigenGame:
[[-0.448 -0.595 -0.377 -0.494  0.243]
 [-0.449  0.667  0.131 -0.563 -0.14 ]
 [-0.443 -0.367  0.432  0.184 -0.67 ]
 [-0.447  0.257 -0.657  0.538 -0.121]
 [-0.449  0.034  0.472  0.339  0.677]]
EigenVectors obtained through numpy:
[[-0.448 -0.603 -0.382 -0.48   0.243]
 [-0.449  0.669  0.094 -0.568 -0.14 ]
 [-0.443 -0.357  0.447  0.168 -0.67 ]
 [-0.447  0.242 -0.641  0.563 -0.121]
 [-0.449  0.044  0.484  0.321  0.677]]
Learning Rate : 10
Distance measure: 0.063