
Playing the asymmetric EigenGame (Variant a, adagrad)...
Time taken: 92.65318512916565s
EigenVectors obtained through EigenGame:
[[ 0.448  0.585 -0.453  0.454 -0.214]
 [ 0.449 -0.664 -0.568 -0.071  0.171]
 [ 0.443  0.377  0.165 -0.45   0.658]
 [ 0.447 -0.27   0.624  0.573  0.091]
 [ 0.449 -0.023  0.235 -0.508 -0.696]]
EigenVectors obtained through numpy:
[[ 0.448  0.603 -0.48   0.382 -0.243]
 [ 0.449 -0.669 -0.568 -0.094  0.14 ]
 [ 0.443  0.357  0.168 -0.447  0.67 ]
 [ 0.447 -0.242  0.563  0.641  0.121]
 [ 0.449 -0.044  0.321 -0.484 -0.677]]
Learning Rate : 1
Distance measure: 0.167
Time taken to converge as per expectation: inf s