
Playing the asymmetric EigenGame (Variant c, rmsprop)...
Time taken: 202.51217889785767s
EigenVectors obtained through EigenGame:
[[ 0.376  0.204 -0.577  0.027  0.266  0.072 -0.635]
 [ 0.383  0.22   0.154 -0.566  0.161  0.601  0.27 ]
 [ 0.375 -0.272 -0.408 -0.004 -0.766  0.091  0.189]
 [ 0.378 -0.426  0.229  0.647  0.258  0.375  0.055]
 [ 0.381  0.601 -0.062  0.339  0.074 -0.366  0.484]
 [ 0.373  0.159  0.648 -0.046 -0.363 -0.197 -0.482]
 [ 0.378 -0.518 -0.009 -0.378  0.337 -0.558  0.135]]
EigenVectors obtained through numpy:
[[ 0.379  0.207 -0.574 -0.01   0.274 -0.381 -0.514]
 [ 0.379  0.223  0.192 -0.558  0.161  0.624 -0.21 ]
 [ 0.375 -0.268 -0.403 -0.033 -0.764  0.185  0.075]
 [ 0.377 -0.422  0.193  0.658  0.258  0.312 -0.214]
 [ 0.38   0.605 -0.079  0.332  0.075  0.057  0.603]
 [ 0.377  0.163  0.654 -0.009 -0.355 -0.479 -0.22 ]
 [ 0.377 -0.515  0.018 -0.38   0.343 -0.319  0.477]]
Learning Rate : 0.01
Distance measure: 1.035
Time taken to converge as per expectation: inf s