
Playing the asymmetric EigenGame (Variant a, rmsprop)...
Time taken: 78.02216291427612s
EigenVectors obtained through EigenGame:
[[ 0.449 -0.603  0.381  0.479  0.241]
 [ 0.448  0.667 -0.101  0.565 -0.142]
 [ 0.441 -0.361 -0.447 -0.171 -0.671]
 [ 0.446  0.243  0.64  -0.562 -0.123]
 [ 0.452  0.04  -0.485 -0.325  0.675]]
EigenVectors obtained through numpy:
[[ 0.448 -0.603  0.382  0.48   0.243]
 [ 0.449  0.669 -0.094  0.568 -0.14 ]
 [ 0.443 -0.357 -0.447 -0.168 -0.67 ]
 [ 0.447  0.242  0.641 -0.563 -0.121]
 [ 0.449  0.044 -0.484 -0.321  0.677]]
Learning Rate : 0.005
Distance measure: 0.012
Time taken to converge as per expectation: inf s