
Playing the asymmetric EigenGame (Variant b, rmsprop)...
Time taken: 178.38566136360168s
EigenVectors obtained through EigenGame:
[[ 0.379 -0.207  0.574 -0.04   0.221 -0.441 -0.458]
 [ 0.379 -0.223 -0.198 -0.573  0.12   0.575 -0.22 ]
 [ 0.375  0.268  0.404 -0.061 -0.797  0.138  0.118]
 [ 0.377  0.422 -0.18   0.64   0.233  0.279 -0.222]
 [ 0.38  -0.605  0.085  0.311  0.047  0.068  0.621]
 [ 0.377 -0.163 -0.654 -0.023 -0.398 -0.523 -0.134]
 [ 0.377  0.515 -0.023 -0.399  0.295 -0.316  0.525]]
EigenVectors obtained through numpy:
[[ 0.379 -0.207  0.574 -0.01   0.274 -0.381 -0.514]
 [ 0.379 -0.223 -0.192 -0.558  0.161  0.624 -0.21 ]
 [ 0.375  0.268  0.403 -0.033 -0.764  0.185  0.075]
 [ 0.377  0.422 -0.193  0.658  0.258  0.312 -0.214]
 [ 0.38  -0.605  0.079  0.332  0.075  0.057  0.603]
 [ 0.377 -0.163 -0.654 -0.009 -0.355 -0.479 -0.22 ]
 [ 0.377  0.515 -0.018 -0.38   0.343 -0.319  0.477]]
Learning Rate : 0.05
Distance measure: 0.203
Time taken to converge as per expectation: inf s