
Playing the asymmetric EigenGame (Variant c, adagrad)...
Time taken: 249.3827667236328s
EigenVectors obtained through EigenGame:
[[ 0.379 -0.367 -0.139 -0.082  0.802 -0.191 -0.109]
 [ 0.379  0.253 -0.443 -0.58  -0.312 -0.349 -0.229]
 [ 0.375 -0.335 -0.151  0.462 -0.323  0.27  -0.577]
 [ 0.377  0.142  0.171  0.524 -0.138 -0.645  0.301]
 [ 0.38  -0.548  0.241 -0.323 -0.311  0.205  0.503]
 [ 0.377  0.413  0.719 -0.176  0.13   0.187 -0.304]
 [ 0.377  0.444 -0.397  0.184  0.152  0.525  0.408]]
EigenVectors obtained through numpy:
[[ 0.379 -0.574 -0.01  -0.207  0.381 -0.514  0.274]
 [ 0.379  0.192 -0.558 -0.223 -0.624 -0.21   0.161]
 [ 0.375 -0.403 -0.033  0.268 -0.185  0.075 -0.764]
 [ 0.377  0.193  0.658  0.422 -0.312 -0.214  0.258]
 [ 0.38  -0.079  0.332 -0.605 -0.057  0.603  0.075]
 [ 0.377  0.654 -0.009 -0.163  0.479 -0.22  -0.355]
 [ 0.377  0.018 -0.38   0.515  0.319  0.477  0.343]]
Learning Rate : 0.5
Distance measure: 1.858
Time taken to converge as per expectation: inf s