
Playing the asymmetric EigenGame (Variant a, momentum)...
Time taken: 195.1743779182434s
EigenVectors obtained through EigenGame:
[[-0.484 -0.092 -0.187  0.166  0.653  0.163 -0.413]
 [-0.416 -0.129  0.019  0.566 -0.085  0.271  0.411]
 [-0.349  0.331 -0.176  0.176  0.305 -0.74   0.645]
 [-0.415  0.502  0.724 -0.113  0.438  0.258  0.328]
 [-0.237 -0.558 -0.085 -0.643 -0.276 -0.399 -0.032]
 [-0.417 -0.07   0.536  0.427 -0.165 -0.353 -0.179]
 [-0.262  0.545 -0.338 -0.111 -0.422  0.05  -0.323]]
EigenVectors obtained through numpy:
[[-0.379 -0.207 -0.574  0.01   0.514  0.274 -0.381]
 [-0.379 -0.223  0.192  0.558  0.21   0.161  0.624]
 [-0.375  0.268 -0.403  0.033 -0.075 -0.764  0.185]
 [-0.377  0.422  0.193 -0.658  0.214  0.258  0.312]
 [-0.38  -0.605 -0.079 -0.332 -0.603  0.075  0.057]
 [-0.377 -0.163  0.654  0.009  0.22  -0.355 -0.479]
 [-0.377  0.515  0.018  0.38  -0.477  0.343 -0.319]]
Learning Rate : 0.01
Distance measure: 1.689
Time taken to converge as per expectation: inf s