
Playing the asymmetric EigenGame (Variant a, momentum)...
Time taken: 177.81208109855652s
EigenVectors obtained through EigenGame:
[[ 0.379  0.362 -0.373 -0.442  0.032 -0.442  0.446]
 [ 0.379  0.208  0.477 -0.147 -0.212 -0.385 -0.606]
 [ 0.375 -0.596 -0.477  0.165 -0.468 -0.106 -0.151]
 [ 0.377  0.027 -0.132  0.566  0.69  -0.182 -0.127]
 [ 0.38  -0.185 -0.068 -0.555  0.348  0.575 -0.229]
 [ 0.377 -0.368  0.618  0.072 -0.025  0.006  0.577]
 [ 0.377  0.548 -0.048  0.349 -0.37   0.531  0.093]]
EigenVectors obtained through numpy:
[[ 0.379  0.274 -0.574 -0.207 -0.01  -0.514  0.381]
 [ 0.379  0.161  0.192 -0.223 -0.558 -0.21  -0.624]
 [ 0.375 -0.764 -0.403  0.268 -0.033  0.075 -0.185]
 [ 0.377  0.258  0.193  0.422  0.658 -0.214 -0.312]
 [ 0.38   0.075 -0.079 -0.605  0.332  0.603 -0.057]
 [ 0.377 -0.355  0.654 -0.163 -0.009 -0.22   0.479]
 [ 0.377  0.343  0.018  0.515 -0.38   0.477  0.319]]
Learning Rate : 5e-08
Distance measure: 1.088
Time taken to converge as per expectation: inf s