
Playing the asymmetric EigenGame (Variant b, rmsprop)...
Time taken: 81.71843886375427s
EigenVectors obtained through EigenGame:
[[ 0.448  0.605 -0.379  0.48   0.243]
 [ 0.449 -0.67   0.091  0.567 -0.139]
 [ 0.443  0.355  0.449 -0.168 -0.669]
 [ 0.447 -0.239 -0.643 -0.562 -0.121]
 [ 0.449 -0.047  0.483 -0.322  0.677]]
EigenVectors obtained through numpy:
[[ 0.448  0.603 -0.382  0.48   0.243]
 [ 0.449 -0.669  0.094  0.568 -0.14 ]
 [ 0.443  0.357  0.447 -0.168 -0.67 ]
 [ 0.447 -0.242 -0.641 -0.563 -0.121]
 [ 0.449 -0.044  0.484 -0.321  0.677]]
Learning Rate : 0.0005
Distance measure: 0.008
Time taken to converge as per expectation: 77.4400532245636 s