
Playing the asymmetric EigenGame (Variant b, adagrad)...
Time taken: 182.4733021259308s
EigenVectors obtained through EigenGame:
[[-0.379 -0.207  0.572  0.052  0.271 -0.487  0.416]
 [-0.379 -0.223 -0.143 -0.564  0.192 -0.25  -0.607]
 [-0.375  0.268  0.407 -0.034 -0.761  0.062 -0.195]
 [-0.377  0.422 -0.25   0.65   0.229 -0.234 -0.295]
 [-0.38  -0.605  0.05   0.341  0.06   0.598 -0.097]
 [-0.377 -0.163 -0.65  -0.083 -0.356 -0.188  0.49 ]
 [-0.377  0.515  0.014 -0.364  0.358  0.498  0.289]]
EigenVectors obtained through numpy:
[[-0.379 -0.207  0.574 -0.01   0.274 -0.514  0.381]
 [-0.379 -0.223 -0.192 -0.558  0.161 -0.21  -0.624]
 [-0.375  0.268  0.403 -0.033 -0.764  0.075 -0.185]
 [-0.377  0.422 -0.193  0.658  0.258 -0.214 -0.312]
 [-0.38  -0.605  0.079  0.332  0.075  0.603 -0.057]
 [-0.377 -0.163 -0.654 -0.009 -0.355 -0.22   0.479]
 [-0.377  0.515 -0.018 -0.38   0.343  0.477  0.319]]
Learning Rate : 15
Distance measure: 0.169
Time taken to converge as per expectation: inf s