
Playing the asymmetric EigenGame (Variant a, adagrad)...
Time taken: 813.3132810592651s
EigenVectors obtained through EigenGame:
[[-0.379 -0.207  0.572 -0.046  0.275 -0.259  0.584]
 [-0.379 -0.223 -0.133  0.576  0.154  0.654  0.07 ]
 [-0.375  0.268  0.405 -0.018 -0.764  0.163 -0.113]
 [-0.377  0.422 -0.26  -0.631  0.265  0.351  0.141]
 [-0.38  -0.605  0.044 -0.338  0.079 -0.075 -0.601]
 [-0.377 -0.163 -0.649  0.072 -0.355 -0.42   0.319]
 [-0.377  0.515  0.021  0.384  0.339 -0.415 -0.397]]
EigenVectors obtained through numpy:
[[-0.379 -0.207  0.574  0.01   0.274 -0.381  0.514]
 [-0.379 -0.223 -0.192  0.558  0.161  0.624  0.21 ]
 [-0.375  0.268  0.403  0.033 -0.764  0.185 -0.075]
 [-0.377  0.422 -0.193 -0.658  0.258  0.312  0.214]
 [-0.38  -0.605  0.079 -0.332  0.075  0.057 -0.603]
 [-0.377 -0.163 -0.654  0.009 -0.355 -0.479  0.22 ]
 [-0.377  0.515 -0.018  0.38   0.343 -0.319 -0.477]]
Learning Rate : 15
Distance measure: 0.342
Time taken to converge as per expectation: inf s