
Playing the asymmetric EigenGame (Variant c, adagrad)...
Time taken: 188.39424896240234s
EigenVectors obtained through EigenGame:
[[-0.379 -0.205 -0.579 -0.047 -0.279  0.521 -0.36 ]
 [-0.379 -0.22   0.122  0.581 -0.094 -0.516 -0.422]
 [-0.375  0.269 -0.384 -0.041  0.783 -0.153  0.04 ]
 [-0.377  0.418  0.265 -0.625 -0.256 -0.231 -0.321]
 [-0.38  -0.606 -0.044 -0.333 -0.094 -0.273  0.541]
 [-0.377 -0.165  0.655  0.075  0.309  0.548 -0.022]
 [-0.377  0.517 -0.034  0.389 -0.362  0.107  0.543]]
EigenVectors obtained through numpy:
[[-0.379 -0.207 -0.574  0.01  -0.274  0.381 -0.514]
 [-0.379 -0.223  0.192  0.558 -0.161 -0.624 -0.21 ]
 [-0.375  0.268 -0.403  0.033  0.764 -0.185  0.075]
 [-0.377  0.422  0.193 -0.658 -0.258 -0.312 -0.214]
 [-0.38  -0.605 -0.079 -0.332 -0.075 -0.057  0.603]
 [-0.377 -0.163  0.654  0.009  0.355  0.479 -0.22 ]
 [-0.377  0.515  0.018  0.38  -0.343  0.319  0.477]]
Learning Rate : 25
Distance measure: 0.549
Time taken to converge as per expectation: inf s