
Playing the asymmetric EigenGame (Variant c, adagrad)...
Time taken: 257.256954908371s
EigenVectors obtained through EigenGame:
[[ 0.379 -0.336  0.516  0.352  0.458  0.014  0.383]
 [ 0.379 -0.549 -0.096 -0.031 -0.279  0.553 -0.406]
 [ 0.375  0.246 -0.689  0.014  0.384  0.289  0.296]
 [ 0.377 -0.365 -0.226 -0.311 -0.322 -0.605  0.32 ]
 [ 0.38   0.26  -0.114  0.642 -0.126 -0.383 -0.453]
 [ 0.377  0.226  0.252 -0.601  0.413 -0.144 -0.445]
 [ 0.377  0.522  0.351 -0.072 -0.525  0.278  0.309]]
EigenVectors obtained through numpy:
[[ 0.379 -0.514  0.381  0.574 -0.274  0.01  -0.207]
 [ 0.379 -0.21  -0.624 -0.192 -0.161  0.558 -0.223]
 [ 0.375  0.075 -0.185  0.403  0.764  0.033  0.268]
 [ 0.377 -0.214 -0.312 -0.193 -0.258 -0.658  0.422]
 [ 0.38   0.603 -0.057  0.079 -0.075 -0.332 -0.605]
 [ 0.377 -0.22   0.479 -0.654  0.355  0.009 -0.163]
 [ 0.377  0.477  0.319 -0.018 -0.343  0.38   0.515]]
Learning Rate : 0.1
Distance measure: 1.753
Time taken to converge as per expectation: inf s