
Playing the asymmetric EigenGame (Variant a, rmsprop)...
Time taken: 187.08166313171387s
EigenVectors obtained through EigenGame:
[[ 0.381 -0.206 -0.564  0.095  0.275  0.363 -0.524]
 [ 0.38  -0.222  0.085 -0.585  0.164 -0.632 -0.188]
 [ 0.375  0.269 -0.401  0.04  -0.763 -0.185  0.083]
 [ 0.378  0.424  0.314  0.609  0.259 -0.32  -0.202]
 [ 0.378 -0.603 -0.014  0.34   0.076 -0.04   0.606]
 [ 0.378 -0.161  0.642 -0.133 -0.353  0.47  -0.234]
 [ 0.376  0.516 -0.052 -0.378  0.344  0.333  0.469]]
EigenVectors obtained through numpy:
[[ 0.379 -0.207 -0.574 -0.01   0.274  0.381 -0.514]
 [ 0.379 -0.223  0.192 -0.558  0.161 -0.624 -0.21 ]
 [ 0.375  0.268 -0.403 -0.033 -0.764 -0.185  0.075]
 [ 0.377  0.422  0.193  0.658  0.258 -0.312 -0.214]
 [ 0.38  -0.605 -0.079  0.332  0.075 -0.057  0.603]
 [ 0.377 -0.163  0.654 -0.009 -0.355  0.479 -0.22 ]
 [ 0.377  0.515  0.018 -0.38   0.343  0.319  0.477]]
Learning Rate : 0.005
Distance measure: 0.269
Time taken to converge as per expectation: inf s