
Playing the asymmetric EigenGame (Variant c)...
EigenVectors obtained through EigenGame:
[[ 0.448  0.603  0.374 -0.487 -0.243]
 [ 0.449 -0.669 -0.105 -0.566  0.14 ]
 [ 0.443  0.358 -0.444  0.176  0.67 ]
 [ 0.447 -0.243  0.651  0.551  0.121]
 [ 0.449 -0.044 -0.478  0.33  -0.677]]
EigenVectors obtained through numpy:
[[ 0.448  0.603  0.382 -0.48  -0.243]
 [ 0.449 -0.669 -0.094 -0.568  0.14 ]
 [ 0.443  0.357 -0.447  0.168  0.67 ]
 [ 0.447 -0.242  0.641  0.563  0.121]
 [ 0.449 -0.044 -0.484  0.321 -0.677]]
Learning Rate : 1e-06
Distance measure: 0.026