
Playing the asymmetric EigenGame (Variant a, momentum)...
Time taken: 188.17453694343567s
EigenVectors obtained through EigenGame:
[[-0.379 -0.29  -0.467  0.382  0.295 -0.326  0.321]
 [-0.379 -0.306  0.36   0.292 -0.254  0.542  0.003]
 [-0.375  0.173 -0.448 -0.057 -0.834  0.249  0.477]
 [-0.377  0.322 -0.207 -0.653  0.319  0.36   0.233]
 [-0.38  -0.677 -0.384 -0.336  0.047  0.367 -0.105]
 [-0.377 -0.247  0.512 -0.451 -0.216 -0.419  0.249]
 [-0.377  0.412 -0.015  0.151 -0.05  -0.313 -0.736]]
EigenVectors obtained through numpy:
[[-0.379 -0.207 -0.574  0.01   0.274 -0.381  0.514]
 [-0.379 -0.223  0.192  0.558  0.161  0.624  0.21 ]
 [-0.375  0.268 -0.403  0.033 -0.764  0.185 -0.075]
 [-0.377  0.422  0.193 -0.658  0.258  0.312  0.214]
 [-0.38  -0.605 -0.079 -0.332  0.075  0.057 -0.603]
 [-0.377 -0.163  0.654  0.009 -0.355 -0.479  0.22 ]
 [-0.377  0.515  0.018  0.38   0.343 -0.319 -0.477]]
Learning Rate : 0.0001
Distance measure: 1.423
Time taken to converge as per expectation: inf s