
Playing the asymmetric EigenGame (Variant b, momentum)...
Time taken: 246.3377709388733s
EigenVectors obtained through EigenGame:
[[-0.67  -0.585 -0.183 -0.601 -0.653 -0.412 -0.085]
 [-0.332 -0.161  0.145 -0.179 -0.366 -0.005  0.199]
 [-0.156  0.058  0.311  0.039 -0.215  0.202  0.341]
 [-0.374 -0.214  0.102 -0.232 -0.401 -0.057  0.162]
 [ 0.249  0.57   0.709  0.548  0.128  0.694  0.687]
 [-0.449 -0.309  0.029 -0.326 -0.465 -0.148  0.098]
 [ 0.118  0.403  0.578  0.382  0.017  0.532  0.573]]
EigenVectors obtained through numpy:
[[-0.379  0.01   0.514 -0.381  0.274  0.207 -0.574]
 [-0.379  0.558  0.21   0.624  0.161  0.223  0.192]
 [-0.375  0.033 -0.075  0.185 -0.764 -0.268 -0.403]
 [-0.377 -0.658  0.214  0.312  0.258 -0.422  0.193]
 [-0.38  -0.332 -0.603  0.057  0.075  0.605 -0.079]
 [-0.377  0.009  0.22  -0.479 -0.355  0.163  0.654]
 [-0.377  0.38  -0.477 -0.319  0.343 -0.515  0.018]]
Learning Rate : 1
Distance measure: 3.747
Time taken to converge as per expectation: inf s