
Playing the asymmetric EigenGame (Variant b, rmsprop)...
Time taken: 257.4920880794525s
EigenVectors obtained through EigenGame:
[[ 0.379 -0.206  0.013  0.574 -0.268 -0.4    0.502]
 [ 0.379 -0.217 -0.562 -0.173 -0.185  0.614  0.227]
 [ 0.375  0.269 -0.035  0.404  0.76   0.2   -0.069]
 [ 0.377  0.414  0.662 -0.215 -0.248  0.301  0.222]
 [ 0.38  -0.608  0.329  0.069 -0.068  0.074 -0.602]
 [ 0.377 -0.164 -0.041 -0.653  0.362 -0.479  0.207]
 [ 0.377  0.519 -0.367 -0.007 -0.345 -0.311 -0.487]]
EigenVectors obtained through numpy:
[[ 0.379 -0.207 -0.01   0.574 -0.274 -0.381  0.514]
 [ 0.379 -0.223 -0.558 -0.192 -0.161  0.624  0.21 ]
 [ 0.375  0.268 -0.033  0.403  0.764  0.185 -0.075]
 [ 0.377  0.422  0.658 -0.193 -0.258  0.312  0.214]
 [ 0.38  -0.605  0.332  0.079 -0.075  0.057 -0.603]
 [ 0.377 -0.163 -0.009 -0.654  0.355 -0.479  0.22 ]
 [ 0.377  0.515 -0.38  -0.018 -0.343 -0.319 -0.477]]
Learning Rate : 0.0001
Distance measure: 0.076
Time taken to converge as per expectation: inf s