
Playing the asymmetric EigenGame (Variant a, momentum)...
Time taken: 42660.16439700127s
EigenVectors obtained through EigenGame:
[[-0.484 -0.092  0.528 -0.039  0.163 -0.171 -0.591]
 [-0.417 -0.129 -0.226  0.033  0.68  -0.235  0.595]
 [-0.349  0.331  0.283 -0.623 -0.082  0.282  0.42 ]
 [-0.416  0.502 -0.065  0.611 -0.354 -0.315  0.133]
 [-0.236 -0.558 -0.211 -0.291 -0.446 -0.556  0.131]
 [-0.417 -0.07  -0.651 -0.008  0.104  0.58  -0.285]
 [-0.261  0.545 -0.343 -0.388  0.412 -0.302  0.066]]
EigenVectors obtained through numpy:
[[-0.379 -0.207  0.574  0.514  0.01  -0.274 -0.381]
 [-0.379 -0.223 -0.192  0.21   0.558 -0.161  0.624]
 [-0.375  0.268  0.403 -0.075  0.033  0.764  0.185]
 [-0.377  0.422 -0.193  0.214 -0.658 -0.258  0.312]
 [-0.38  -0.605  0.079 -0.603 -0.332 -0.075  0.057]
 [-0.377 -0.163 -0.654  0.22   0.009  0.355 -0.479]
 [-0.377  0.515 -0.018 -0.477  0.38  -0.343 -0.319]]
Learning Rate : 10
Distance measure: 1.516
Time taken to converge as per expectation: inf s