
Playing the asymmetric EigenGame (Variant b, rmsprop)...
Time taken: 261.4689419269562s
EigenVectors obtained through EigenGame:
[[ 0.379  0.207  0.57   0.062 -0.274 -0.404 -0.496]
 [ 0.379  0.223 -0.121 -0.576 -0.165  0.613 -0.238]
 [ 0.375 -0.268  0.405  0.013  0.763  0.189  0.066]
 [ 0.377 -0.422 -0.273  0.631 -0.255  0.302 -0.228]
 [ 0.38   0.605  0.037  0.34  -0.074  0.085  0.6  ]
 [ 0.377  0.163 -0.648 -0.091  0.355 -0.488 -0.198]
 [ 0.377 -0.515  0.029 -0.378 -0.345 -0.297  0.491]]
EigenVectors obtained through numpy:
[[ 0.379  0.207  0.574 -0.01  -0.274 -0.381 -0.514]
 [ 0.379  0.223 -0.192 -0.558 -0.161  0.624 -0.21 ]
 [ 0.375 -0.268  0.403 -0.033  0.764  0.185  0.075]
 [ 0.377 -0.422 -0.193  0.658 -0.258  0.312 -0.214]
 [ 0.38   0.605  0.079  0.332 -0.075  0.057  0.603]
 [ 0.377  0.163 -0.654 -0.009  0.355 -0.479 -0.22 ]
 [ 0.377 -0.515 -0.018 -0.38  -0.343 -0.319  0.477]]
Learning Rate : 0.0005
Distance measure: 0.187
Time taken to converge as per expectation: inf s