
Playing the asymmetric EigenGame (Variant a, momentum)...
Time taken: 189.61982583999634s
EigenVectors obtained through EigenGame:
[[-0.379 -0.285 -0.484  0.318 -0.02   0.408  0.29 ]
 [-0.379 -0.3    0.346  0.309 -0.336 -0.733  0.224]
 [-0.375  0.18  -0.458  0.036  0.706 -0.457  0.281]
 [-0.377  0.33  -0.165 -0.715 -0.251 -0.162  0.463]
 [-0.38  -0.673 -0.363 -0.356  0.126 -0.006 -0.07 ]
 [-0.377 -0.241  0.526 -0.381  0.494  0.247 -0.003]
 [-0.377  0.42  -0.025  0.138 -0.255  0.008 -0.753]]
EigenVectors obtained through numpy:
[[-0.379 -0.207 -0.574  0.01  -0.274  0.381  0.514]
 [-0.379 -0.223  0.192  0.558 -0.161 -0.624  0.21 ]
 [-0.375  0.268 -0.403  0.033  0.764 -0.185 -0.075]
 [-0.377  0.422  0.193 -0.658 -0.258 -0.312  0.214]
 [-0.38  -0.605 -0.079 -0.332 -0.075 -0.057 -0.603]
 [-0.377 -0.163  0.654  0.009  0.355  0.479  0.22 ]
 [-0.377  0.515  0.018  0.38  -0.343  0.319 -0.477]]
Learning Rate : 5e-05
Distance measure: 1.326
Time taken to converge as per expectation: inf s