
Playing the asymmetric EigenGame (Variant a, rmsprop)...
Time taken: 76.97021389007568s
EigenVectors obtained through EigenGame:
[[ 0.448  0.6   -0.4    0.469  0.243]
 [ 0.449 -0.669  0.084  0.57  -0.139]
 [ 0.442  0.36   0.449 -0.155 -0.669]
 [ 0.447 -0.248 -0.623 -0.579 -0.121]
 [ 0.45  -0.041  0.493 -0.307  0.677]]
EigenVectors obtained through numpy:
[[ 0.448  0.603 -0.382  0.48   0.243]
 [ 0.449 -0.669  0.094  0.568 -0.14 ]
 [ 0.443  0.357  0.447 -0.168 -0.67 ]
 [ 0.447 -0.242 -0.641 -0.563 -0.121]
 [ 0.449 -0.044  0.484 -0.321  0.677]]
Learning Rate : 0.001
Distance measure: 0.04
Time taken to converge as per expectation: inf s