
Playing the asymmetric EigenGame (Variant a, momentum)...
Time taken: 217.98292303085327s
EigenVectors obtained through EigenGame:
[[-0.379 -0.285  0.405 -0.318  0.079 -0.776  0.098]
 [-0.379 -0.3    0.211  0.531  0.451  0.149 -0.577]
 [-0.375  0.18   0.173 -0.193 -0.717  0.037 -0.584]
 [-0.377  0.33  -0.647 -0.237  0.329 -0.25  -0.359]
 [-0.38  -0.673 -0.341 -0.184  0.23   0.434  0.115]
 [-0.377 -0.241 -0.474  0.673 -0.202 -0.346  0.301]
 [-0.377  0.42   0.05   0.192  0.271  0.053  0.29 ]]
EigenVectors obtained through numpy:
[[-0.379 -0.207  0.01  -0.574  0.274 -0.514  0.381]
 [-0.379 -0.223  0.558  0.192  0.161 -0.21  -0.624]
 [-0.375  0.268  0.033 -0.403 -0.764  0.075 -0.185]
 [-0.377  0.422 -0.658  0.193  0.258 -0.214 -0.312]
 [-0.38  -0.605 -0.332 -0.079  0.075  0.603 -0.057]
 [-0.377 -0.163  0.009  0.654 -0.355 -0.22   0.479]
 [-0.377  0.515  0.38   0.018  0.343  0.477  0.319]]
Learning Rate : 5e-05
Distance measure: 1.432
Time taken to converge as per expectation: inf s