
Playing the asymmetric EigenGame (Variant a, momentum)...
Time taken: 190.9048628807068s
EigenVectors obtained through EigenGame:
[[ 0.484 -0.262 -0.109  0.67   0.089 -0.37  -0.356]
 [ 0.417 -0.297  0.458 -0.077 -0.215 -0.429  0.587]
 [ 0.349  0.16  -0.368  0.091 -0.369  0.476  0.011]
 [ 0.416  0.327 -0.308 -0.176  0.731 -0.168  0.406]
 [ 0.236 -0.718 -0.586 -0.291  0.267  0.026  0.401]
 [ 0.417 -0.238  0.411 -0.474  0.308  0.327 -0.418]
 [ 0.261  0.373 -0.186 -0.444 -0.331 -0.563 -0.167]]
EigenVectors obtained through numpy:
[[ 0.379 -0.207  0.514  0.574 -0.01  -0.274 -0.381]
 [ 0.379 -0.223  0.21  -0.192 -0.558 -0.161  0.624]
 [ 0.375  0.268 -0.075  0.403 -0.033  0.764  0.185]
 [ 0.377  0.422  0.214 -0.193  0.658 -0.258  0.312]
 [ 0.38  -0.605 -0.603  0.079  0.332 -0.075  0.057]
 [ 0.377 -0.163  0.22  -0.654 -0.009  0.355 -0.479]
 [ 0.377  0.515 -0.477 -0.018 -0.38  -0.343 -0.319]]
Learning Rate : 15
Distance measure: 1.513
Time taken to converge as per expectation: inf s