
Playing the asymmetric EigenGame (Variant a, momentum)...
Time taken: 188.01774907112122s
EigenVectors obtained through EigenGame:
[[ 0.379 -0.207  0.57   0.058 -0.276 -0.464 -0.441]
 [ 0.379 -0.223 -0.119 -0.58  -0.151  0.578 -0.313]
 [ 0.375  0.268  0.405  0.032  0.763  0.195  0.042]
 [ 0.377  0.422 -0.276  0.623 -0.268  0.27  -0.264]
 [ 0.38  -0.605  0.036  0.338 -0.081  0.161  0.585]
 [ 0.377 -0.163 -0.647 -0.086  0.356 -0.51  -0.135]
 [ 0.377  0.515  0.031 -0.385 -0.336 -0.232  0.525]]
EigenVectors obtained through numpy:
[[ 0.379 -0.207  0.574 -0.01  -0.274 -0.381 -0.514]
 [ 0.379 -0.223 -0.192 -0.558 -0.161  0.624 -0.21 ]
 [ 0.375  0.268  0.403 -0.033  0.764  0.185  0.075]
 [ 0.377  0.422 -0.193  0.658 -0.258  0.312 -0.214]
 [ 0.38  -0.605  0.079  0.332 -0.075  0.057  0.603]
 [ 0.377 -0.163 -0.654 -0.009  0.355 -0.479 -0.22 ]
 [ 0.377  0.515 -0.018 -0.38  -0.343 -0.319  0.477]]
Learning Rate : 5e-07
Distance measure: 0.305
Time taken to converge as per expectation: inf s