
Playing the asymmetric EigenGame (Variant b, adagrad)...
Time taken: 224.3543221950531s
EigenVectors obtained through EigenGame:
[[-0.379 -0.207 -0.57   0.073  0.273 -0.409 -0.492]
 [-0.379 -0.223  0.25   0.535  0.157  0.611 -0.244]
 [-0.375  0.268 -0.397  0.069 -0.765  0.189  0.065]
 [-0.377  0.422  0.121 -0.672  0.263  0.299 -0.231]
 [-0.38  -0.605 -0.114 -0.322  0.078  0.091  0.599]
 [-0.377 -0.163  0.651 -0.063 -0.354 -0.49  -0.194]
 [-0.377  0.515  0.058  0.379  0.339 -0.292  0.494]]
EigenVectors obtained through numpy:
[[-0.379 -0.207 -0.574  0.01   0.274 -0.381 -0.514]
 [-0.379 -0.223  0.192  0.558  0.161  0.624 -0.21 ]
 [-0.375  0.268 -0.403  0.033 -0.764  0.185  0.075]
 [-0.377  0.422  0.193 -0.658  0.258  0.312 -0.214]
 [-0.38  -0.605 -0.079 -0.332  0.075  0.057  0.603]
 [-0.377 -0.163  0.654  0.009 -0.355 -0.479 -0.22 ]
 [-0.377  0.515  0.018  0.38   0.343 -0.319  0.477]]
Learning Rate : 45
Distance measure: 0.17
Time taken to converge as per expectation: inf s