
Playing the asymmetric EigenGame (Variant c, momentum)...
Time taken: 304.43304538726807s
EigenVectors obtained through EigenGame:
[[ 0.379 -0.207 -0.571 -0.054 -0.274  0.346 -0.538]
 [ 0.379 -0.223  0.127  0.576 -0.161 -0.636 -0.168]
 [ 0.375  0.268 -0.404 -0.014  0.764 -0.18   0.087]
 [ 0.377  0.422  0.266 -0.631 -0.259 -0.325 -0.193]
 [ 0.38  -0.605 -0.041 -0.339 -0.076 -0.017  0.606]
 [ 0.377 -0.163  0.649  0.082  0.355  0.463 -0.251]
 [ 0.377  0.515 -0.025  0.38  -0.342  0.35   0.455]]
EigenVectors obtained through numpy:
[[ 0.379 -0.207 -0.574  0.01  -0.274  0.381 -0.514]
 [ 0.379 -0.223  0.192  0.558 -0.161 -0.624 -0.21 ]
 [ 0.375  0.268 -0.403  0.033  0.764 -0.185  0.075]
 [ 0.377  0.422  0.193 -0.658 -0.258 -0.312 -0.214]
 [ 0.38  -0.605 -0.079 -0.332 -0.075 -0.057  0.603]
 [ 0.377 -0.163  0.654  0.009  0.355  0.479 -0.22 ]
 [ 0.377  0.515  0.018  0.38  -0.343  0.319  0.477]]
Learning Rate : 1e-06
Distance measure: 0.186
Time taken to converge as per expectation: inf s