
Playing the asymmetric EigenGame (Variant c)...
Time taken: 493.23403096199036s
EigenVectors obtained through EigenGame:
[[ 0.315  0.202 -0.049  0.273 -0.046 -0.161 -0.028 -0.144 -0.223 -0.39 ]
 [ 0.316  0.479  0.136  0.198  0.388  0.01   0.17  -0.206 -0.432 -0.259]
 [ 0.317 -0.108 -0.131 -0.343 -0.341 -0.854 -0.531  0.135  0.116 -0.078]
 [ 0.32  -0.485 -0.049  0.158 -0.266  0.007  0.039 -0.045  0.032  0.422]
 [ 0.315  0.479  0.056 -0.268 -0.523  0.084  0.313  0.245  0.308  0.374]
 [ 0.317 -0.344  0.304 -0.175  0.362 -0.176  0.362  0.476  0.4    0.175]
 [ 0.317 -0.241  0.579 -0.281 -0.353  0.126  0.162 -0.016 -0.082 -0.198]
 [ 0.315  0.045 -0.027 -0.569  0.207  0.117 -0.49  -0.486 -0.059  0.332]
 [ 0.315 -0.271 -0.515  0.08   0.191  0.388  0.312 -0.133 -0.294 -0.339]
 [ 0.315  0.045 -0.512 -0.481 -0.226 -0.164  0.305  0.612  0.631  0.402]]
EigenVectors obtained through numpy:
[[ 0.315  0.224 -0.052  0.461 -0.003 -0.061 -0.005  0.315  0.703 -0.198]
 [ 0.316  0.501  0.133  0.354  0.426 -0.036 -0.247 -0.291 -0.415 -0.069]
 [ 0.317 -0.087 -0.088 -0.183 -0.092 -0.562 -0.182  0.577 -0.36  -0.176]
 [ 0.32  -0.465 -0.044  0.388 -0.256  0.188 -0.423 -0.028 -0.09   0.49 ]
 [ 0.315  0.5    0.094 -0.12  -0.529  0.061  0.407  0.037 -0.112  0.405]
 [ 0.317 -0.323  0.315 -0.084  0.448 -0.378  0.416 -0.154  0.176  0.342]
 [ 0.317 -0.22   0.603 -0.102 -0.322  0.162 -0.025 -0.218 -0.004 -0.546]
 [ 0.315  0.066  0.029 -0.497  0.376  0.581 -0.185  0.342  0.093  0.103]
 [ 0.315 -0.25  -0.531  0.184  0.073  0.28   0.526 -0.038 -0.261 -0.303]
 [ 0.315  0.066 -0.464 -0.407 -0.117 -0.232 -0.277 -0.54   0.275 -0.054]]
Learning Rate : 1e-05
Distance measure: 2.589
Time taken to converge as per expectation: inf s