
Playing the asymmetric EigenGame (Variant c, adagrad)...
Time taken: 442.5135109424591s
EigenVectors obtained through EigenGame:
[[-0.315 -0.062 -0.18   0.421 -0.167  0.485  0.311  0.137  0.243 -0.5  ]
 [-0.316 -0.402 -0.02   0.34   0.186 -0.037 -0.703 -0.103  0.249  0.112]
 [-0.317 -0.059 -0.26  -0.391 -0.099  0.419 -0.288 -0.063 -0.635 -0.09 ]
 [-0.32   0.59  -0.253  0.275 -0.286 -0.054 -0.089  0.27  -0.006  0.501]
 [-0.315 -0.475  0.185  0.175 -0.175 -0.039  0.477 -0.263 -0.239  0.468]
 [-0.317  0.205  0.445 -0.316  0.45   0.444  0.099  0.055  0.3    0.244]
 [-0.317  0.248  0.562  0.27   0.106 -0.333 -0.064  0.062 -0.414 -0.389]
 [-0.315 -0.181  0.195 -0.482 -0.573 -0.26  -0.074  0.262  0.33  -0.128]
 [-0.315  0.301 -0.235 -0.151  0.036 -0.24   0.085 -0.765  0.215 -0.172]
 [-0.315 -0.175 -0.44  -0.143  0.521 -0.388  0.251  0.404 -0.039 -0.053]]
EigenVectors obtained through numpy:
[[-0.315 -0.224 -0.052  0.461 -0.315  0.061  0.703  0.005 -0.003 -0.198]
 [-0.316 -0.501  0.133  0.354  0.291  0.036 -0.415  0.247  0.426 -0.069]
 [-0.317  0.087 -0.088 -0.183 -0.577  0.562 -0.36   0.182 -0.092 -0.176]
 [-0.32   0.465 -0.044  0.388  0.028 -0.188 -0.09   0.423 -0.256  0.49 ]
 [-0.315 -0.5    0.094 -0.12  -0.037 -0.061 -0.112 -0.407 -0.529  0.405]
 [-0.317  0.323  0.315 -0.084  0.154  0.378  0.176 -0.416  0.448  0.342]
 [-0.317  0.22   0.603 -0.102  0.218 -0.162 -0.004  0.025 -0.322 -0.546]
 [-0.315 -0.066  0.029 -0.497 -0.342 -0.581  0.093  0.185  0.376  0.103]
 [-0.315  0.25  -0.531  0.184  0.038 -0.28  -0.261 -0.526  0.073 -0.303]
 [-0.315 -0.066 -0.464 -0.407  0.54   0.232  0.275  0.277 -0.117 -0.054]]
Learning Rate : 10
Distance measure: 2.073
Time taken to converge as per expectation: inf s