
Playing the asymmetric EigenGame (Variant c)...
Time taken: 427.54390001296997s
EigenVectors obtained through EigenGame:
[[ 0.315  0.026 -0.414 -0.367 -0.379  0.145  0.134 -0.508 -0.393 -0.076]
 [ 0.316  0.402 -0.429 -0.03  -0.186 -0.291 -0.385  0.212  0.466 -0.14 ]
 [ 0.317 -0.046  0.171 -0.024 -0.141 -0.369  0.78   0.129  0.228 -0.187]
 [ 0.32  -0.6   -0.183 -0.196  0.328 -0.101 -0.081 -0.168  0.338  0.452]
 [ 0.315  0.439 -0.202  0.004  0.45   0.253  0.255  0.338 -0.265  0.383]
 [ 0.317 -0.228  0.108  0.427 -0.497 -0.162 -0.178  0.288 -0.362  0.365]
 [ 0.317 -0.25  -0.222  0.536  0.355  0.094 -0.054 -0.077 -0.146 -0.577]
 [ 0.315  0.27   0.383  0.321 -0.133  0.44  -0.003 -0.432  0.391  0.156]
 [ 0.315 -0.218  0.294 -0.451 -0.101  0.476 -0.167  0.454  0.031 -0.303]
 [ 0.315  0.217  0.497 -0.224  0.301 -0.478 -0.302 -0.237 -0.293 -0.078]]
EigenVectors obtained through numpy:
[[ 0.315  0.224 -0.461 -0.052  0.003 -0.061  0.315 -0.005 -0.703 -0.198]
 [ 0.316  0.501 -0.354  0.133 -0.426 -0.036 -0.291 -0.247  0.415 -0.069]
 [ 0.317 -0.087  0.183 -0.088  0.092 -0.562  0.577 -0.182  0.36  -0.176]
 [ 0.32  -0.465 -0.388 -0.044  0.256  0.188 -0.028 -0.423  0.09   0.49 ]
 [ 0.315  0.5    0.12   0.094  0.529  0.061  0.037  0.407  0.112  0.405]
 [ 0.317 -0.323  0.084  0.315 -0.448 -0.378 -0.154  0.416 -0.176  0.342]
 [ 0.317 -0.22   0.102  0.603  0.322  0.162 -0.218 -0.025  0.004 -0.546]
 [ 0.315  0.066  0.497  0.029 -0.376  0.581  0.342 -0.185 -0.093  0.103]
 [ 0.315 -0.25  -0.184 -0.531 -0.073  0.28  -0.038  0.526  0.261 -0.303]
 [ 0.315  0.066  0.407 -0.464  0.117 -0.232 -0.54  -0.277 -0.275 -0.054]]
Learning Rate : 1e-07
Distance measure: 1.883
Time taken to converge as per expectation: inf s