
Playing the asymmetric EigenGame (Variant b, momentum)...
Time taken: 224.32668280601501s
EigenVectors obtained through EigenGame:
[[ 0.379  0.444 -0.504  0.219  0.364  0.407  0.245]
 [ 0.38  -0.071 -0.164 -0.163  0.519 -0.619 -0.391]
 [ 0.375  0.084  0.428 -0.664  0.088  0.447 -0.16 ]
 [ 0.377  0.047  0.164 -0.159 -0.168 -0.416  0.775]
 [ 0.381 -0.505  0.426  0.577  0.209  0.194  0.028]
 [ 0.377  0.519  0.191  0.325 -0.524 -0.147 -0.384]
 [ 0.377 -0.514 -0.539 -0.142 -0.494  0.135 -0.113]]
EigenVectors obtained through numpy:
[[ 0.379  0.514 -0.274  0.207 -0.381  0.574 -0.01 ]
 [ 0.379  0.21  -0.161  0.223  0.624 -0.192 -0.558]
 [ 0.375 -0.075  0.764 -0.268  0.185  0.403 -0.033]
 [ 0.377  0.214 -0.258 -0.422  0.312 -0.193  0.658]
 [ 0.38  -0.603 -0.075  0.605  0.057  0.079  0.332]
 [ 0.377  0.22   0.355  0.163 -0.479 -0.654 -0.009]
 [ 0.377 -0.477 -0.343 -0.515 -0.319 -0.018 -0.38 ]]
Learning Rate : 1e-07
Distance measure: 1.812
Time taken to converge as per expectation: inf s