
Playing the asymmetric EigenGame (Variant b, rmsprop)...
Time taken: 79.03107714653015s
EigenVectors obtained through EigenGame:
[[ 0.448 -0.602 -0.382  0.482 -0.243]
 [ 0.449  0.668  0.099  0.567  0.139]
 [ 0.443 -0.359  0.445 -0.169  0.669]
 [ 0.447  0.244 -0.643 -0.559  0.121]
 [ 0.449  0.042  0.482 -0.323 -0.678]]
EigenVectors obtained through numpy:
[[ 0.448 -0.603 -0.382  0.48  -0.243]
 [ 0.449  0.669  0.094  0.568  0.14 ]
 [ 0.443 -0.357  0.447 -0.168  0.67 ]
 [ 0.447  0.242 -0.641 -0.563  0.121]
 [ 0.449  0.044  0.484 -0.321 -0.677]]
Learning Rate : 0.001
Distance measure: 0.009
Time taken to converge as per expectation: 76.4459080696106 s