
Playing the asymmetric EigenGame (Variant c, adagrad)...
Time taken: 396.6328592300415s
EigenVectors obtained through EigenGame:
[[ 0.46   0.047  0.264  0.368  0.341  0.211  0.47   0.313  0.097  0.032]
 [ 0.442  0.153  0.418  0.283  0.317  0.378  0.409  0.418  0.008  0.329]
 [ 0.458  0.346  0.149  0.349  0.491  0.141  0.206  0.271  0.577  0.449]
 [ 0.17   0.227  0.303  0.201  0.28   0.465  0.391  0.285  0.242  0.519]
 [ 0.337  0.375  0.393  0.38   0.042  0.322  0.424  0.232  0.157  0.468]
 [ 0.126  0.45   0.39   0.38   0.232  0.271  0.167 -0.001  0.431  0.237]
 [ 0.222  0.03   0.207  0.016  0.082  0.08   0.019  0.388  0.249  0.077]
 [ 0.198  0.395  0.34   0.048  0.44   0.332  0.35   0.605  0.376  0.088]
 [ 0.063  0.108  0.36   0.48   0.431  0.244  0.082  0.053  0.038  0.243]
 [ 0.365  0.54   0.217  0.317  0.146  0.473  0.279  0.002  0.428  0.27 ]]
EigenVectors obtained through numpy:
[[ 0.224 -0.198  0.315  0.052  0.315  0.003  0.061  0.005 -0.461 -0.703]
 [ 0.501 -0.069  0.316 -0.133 -0.291 -0.426  0.036  0.247 -0.354  0.415]
 [-0.087 -0.176  0.317  0.088  0.577  0.092  0.562  0.182  0.183  0.36 ]
 [-0.465  0.49   0.32   0.044 -0.028  0.256 -0.188  0.423 -0.388  0.09 ]
 [ 0.5    0.405  0.315 -0.094  0.037  0.529 -0.061 -0.407  0.12   0.112]
 [-0.323  0.342  0.317 -0.315 -0.154 -0.448  0.378 -0.416  0.084 -0.176]
 [-0.22  -0.546  0.317 -0.603 -0.218  0.322 -0.162  0.025  0.102  0.004]
 [ 0.066  0.103  0.315 -0.029  0.342 -0.376 -0.581  0.185  0.497 -0.093]
 [-0.25  -0.303  0.315  0.531 -0.038 -0.073 -0.28  -0.526 -0.184  0.261]
 [ 0.066 -0.054  0.315  0.464 -0.54   0.117  0.232  0.277  0.407 -0.275]]
Learning Rate : 1e-05
Distance measure: 3.736
Time taken to converge as per expectation: inf s