
Playing the asymmetric EigenGame (Variant c, momentum)...
Time taken: 245.36677503585815s
EigenVectors obtained through EigenGame:
[[-0.379  0.095 -0.086 -0.017  0.113  0.578  0.637]
 [-0.379 -0.152 -0.331 -0.289 -0.215  0.183  0.317]
 [-0.375  0.432  0.232  0.276  0.309  0.385  0.2  ]
 [-0.377  0.42   0.216  0.242  0.226  0.173 -0.045]
 [-0.38  -0.467 -0.637 -0.609 -0.55  -0.09   0.17 ]
 [-0.377 -0.345 -0.532 -0.556 -0.652 -0.666 -0.596]
 [-0.378  0.517  0.305  0.319  0.259  0.048 -0.259]]
EigenVectors obtained through numpy:
[[-0.379 -0.207  0.514 -0.381  0.274  0.574  0.01 ]
 [-0.379 -0.223  0.21   0.624  0.161 -0.192  0.558]
 [-0.375  0.268 -0.075  0.185 -0.764  0.403  0.033]
 [-0.377  0.422  0.214  0.312  0.258 -0.193 -0.658]
 [-0.38  -0.605 -0.603  0.057  0.075  0.079 -0.332]
 [-0.377 -0.163  0.22  -0.479 -0.355 -0.654  0.009]
 [-0.377  0.515 -0.477 -0.319  0.343 -0.018  0.38 ]]
Learning Rate : 0.01
Distance measure: 2.817
Time taken to converge as per expectation: inf s