
Playing the asymmetric EigenGame (Variant b, rmsprop)...
Time taken: 227.50196719169617s
EigenVectors obtained through EigenGame:
[[ 0.379  0.189  0.39  -0.634  0.102  0.227  0.457]
 [ 0.379  0.3    0.472  0.517  0.221 -0.48   0.062]
 [ 0.375 -0.133 -0.179 -0.172 -0.738 -0.477  0.052]
 [ 0.377 -0.524 -0.41  -0.086  0.575 -0.247  0.131]
 [ 0.38   0.547 -0.343 -0.21   0.134  0.063 -0.608]
 [ 0.377  0.129 -0.357  0.49  -0.18   0.527  0.397]
 [ 0.377 -0.516  0.424  0.096 -0.122  0.385 -0.489]]
EigenVectors obtained through numpy:
[[ 0.379  0.207  0.01  -0.574  0.274  0.381  0.514]
 [ 0.379  0.223  0.558  0.192  0.161 -0.624  0.21 ]
 [ 0.375 -0.268  0.033 -0.403 -0.764 -0.185 -0.075]
 [ 0.377 -0.422 -0.658  0.193  0.258 -0.312  0.214]
 [ 0.38   0.605 -0.332 -0.079  0.075 -0.057 -0.603]
 [ 0.377  0.163  0.009  0.654 -0.355  0.479  0.22 ]
 [ 0.377 -0.515  0.38   0.018  0.343  0.319 -0.477]]
Learning Rate : 5e-05
Distance measure: 1.158
Time taken to converge as per expectation: inf s