
Playing the asymmetric EigenGame (Variant c, adagrad)...
Time taken: 186.2094006538391s
EigenVectors obtained through EigenGame:
[[-0.379  0.207 -0.57  -0.069 -0.276  0.431 -0.472]
 [-0.379  0.223  0.111  0.58  -0.155 -0.599 -0.273]
 [-0.375 -0.268 -0.403 -0.028  0.765 -0.188  0.056]
 [-0.377 -0.422  0.284 -0.623 -0.26  -0.289 -0.245]
 [-0.38   0.605 -0.031 -0.34  -0.077 -0.12   0.594]
 [-0.377  0.163  0.646  0.099  0.352  0.501 -0.17 ]
 [-0.377 -0.515 -0.036  0.381 -0.342  0.266  0.508]]
EigenVectors obtained through numpy:
[[-0.379  0.207 -0.574  0.01  -0.274  0.381 -0.514]
 [-0.379  0.223  0.192  0.558 -0.161 -0.624 -0.21 ]
 [-0.375 -0.268 -0.403  0.033  0.764 -0.185  0.075]
 [-0.377 -0.422  0.193 -0.658 -0.258 -0.312 -0.214]
 [-0.38   0.605 -0.079 -0.332 -0.075 -0.057  0.603]
 [-0.377  0.163  0.654  0.009  0.355  0.479 -0.22 ]
 [-0.377 -0.515  0.018  0.38  -0.343  0.319  0.477]]
Learning Rate : 40
Distance measure: 0.248
Time taken to converge as per expectation: inf s