
Playing the asymmetric EigenGame (Variant a, rmsprop)...
Time taken: 208.58597469329834s
EigenVectors obtained through EigenGame:
[[-0.627  0.607 -0.333  0.086 -0.028 -0.463 -0.451]
 [-0.421  0.318 -0.128  0.021 -0.397 -0.578 -0.08 ]
 [-0.226  0.046 -0.491  0.385 -0.166 -0.263 -0.354]
 [-0.423  0.321 -0.409  0.577 -0.423 -0.092 -0.546]
 [ 0.127 -0.454 -0.215 -0.563 -0.398 -0.312 -0.552]
 [-0.427  0.327 -0.166 -0.012 -0.61  -0.114 -0.167]
 [ 0.044 -0.335 -0.625  0.441 -0.323 -0.514 -0.182]]
EigenVectors obtained through numpy:
[[-0.379  0.514 -0.381 -0.207  0.574 -0.274  0.01 ]
 [-0.379  0.21   0.624 -0.223 -0.192 -0.161  0.558]
 [-0.375 -0.075  0.185  0.268  0.403  0.764  0.033]
 [-0.377  0.214  0.312  0.422 -0.193 -0.258 -0.658]
 [-0.38  -0.603  0.057 -0.605  0.079 -0.075 -0.332]
 [-0.377  0.22  -0.479 -0.163 -0.654  0.355  0.009]
 [-0.377 -0.477 -0.319  0.515 -0.018 -0.343  0.38 ]]
Learning Rate : 5
Distance measure: 2.554
Time taken to converge as per expectation: inf s