
Playing the asymmetric EigenGame (Variant a, momentum)...
Time taken: 207.38721108436584s
EigenVectors obtained through EigenGame:
[[-0.255 -0.327 -0.512 -0.045 -0.475 -0.496  0.293]
 [-0.323 -0.324  0.389  0.376 -0.355  0.554  0.339]
 [-0.382  0.17  -0.303 -0.113 -0.412  0.303 -0.801]
 [-0.32   0.3   -0.039 -0.446  0.242 -0.224  0.02 ]
 [-0.506 -0.641  0.072  0.435  0.598 -0.105 -0.354]
 [-0.318 -0.266  0.657 -0.33  -0.229 -0.296 -0.175]
 [-0.475  0.433  0.237  0.589 -0.101 -0.454 -0.045]]
EigenVectors obtained through numpy:
[[-0.379 -0.207 -0.574 -0.514 -0.01  -0.381  0.274]
 [-0.379 -0.223  0.192 -0.21  -0.558  0.624  0.161]
 [-0.375  0.268 -0.403  0.075 -0.033  0.185 -0.764]
 [-0.377  0.422  0.193 -0.214  0.658  0.312  0.258]
 [-0.38  -0.605 -0.079  0.603  0.332  0.057  0.075]
 [-0.377 -0.163  0.654 -0.22  -0.009 -0.479 -0.355]
 [-0.377  0.515  0.018  0.477 -0.38  -0.319  0.343]]
Learning Rate : 0.05
Distance measure: 1.62
Time taken to converge as per expectation: inf s