
Playing the asymmetric EigenGame (Variant a, momentum)...
Time taken: 182.85088682174683s
EigenVectors obtained through EigenGame:
[[-0.484 -0.092  0.516 -0.027  0.048 -0.156 -0.797]
 [-0.417 -0.129 -0.27   0.149  0.44  -0.191  0.234]
 [-0.349  0.331  0.276 -0.665 -0.145  0.551  0.338]
 [-0.416  0.502 -0.006  0.537 -0.614  0.032  0.07 ]
 [-0.236 -0.558 -0.186 -0.366 -0.576 -0.221  0.046]
 [-0.417 -0.07  -0.639  0.002 -0.108  0.72  -0.364]
 [-0.261  0.545 -0.377 -0.337  0.253 -0.259 -0.236]]
EigenVectors obtained through numpy:
[[-0.379 -0.207  0.574  0.514  0.01  -0.274 -0.381]
 [-0.379 -0.223 -0.192  0.21   0.558 -0.161  0.624]
 [-0.375  0.268  0.403 -0.075  0.033  0.764  0.185]
 [-0.377  0.422 -0.193  0.214 -0.658 -0.258  0.312]
 [-0.38  -0.605  0.079 -0.603 -0.332 -0.075  0.057]
 [-0.377 -0.163 -0.654  0.22   0.009  0.355 -0.479]
 [-0.377  0.515 -0.018 -0.477  0.38  -0.343 -0.319]]
Learning Rate : 0.5
Distance measure: 1.448
Time taken to converge as per expectation: inf s