
Playing the asymmetric EigenGame (Variant b, adagrad)...
Time taken: 222.73378992080688s
EigenVectors obtained through EigenGame:
[[-0.379  0.207  0.411  0.4    0.273 -0.243 -0.591]
 [-0.379  0.223 -0.521  0.279  0.156  0.656 -0.052]
 [-0.375 -0.268  0.274  0.293 -0.766  0.159  0.118]
 [-0.377 -0.422  0.308 -0.611  0.262  0.355 -0.131]
 [-0.38   0.605  0.285 -0.189  0.077 -0.092  0.599]
 [-0.377  0.163 -0.483 -0.441 -0.351 -0.411 -0.33 ]
 [-0.377 -0.515 -0.274  0.269  0.341 -0.425  0.386]]
EigenVectors obtained through numpy:
[[-0.379  0.207  0.574  0.01   0.274 -0.381 -0.514]
 [-0.379  0.223 -0.192  0.558  0.161  0.624 -0.21 ]
 [-0.375 -0.268  0.403  0.033 -0.764  0.185  0.075]
 [-0.377 -0.422 -0.193 -0.658  0.258  0.312 -0.214]
 [-0.38   0.605  0.079 -0.332  0.075  0.057  0.603]
 [-0.377  0.163 -0.654  0.009 -0.355 -0.479 -0.22 ]
 [-0.377 -0.515 -0.018  0.38   0.343 -0.319  0.477]]
Learning Rate : 40
Distance measure: 1.093
Time taken to converge as per expectation: inf s