
Playing the asymmetric EigenGame (Variant a, adagrad)...
Time taken: 178.51863193511963s
EigenVectors obtained through EigenGame:
[[ 0.379  0.188  0.571  0.017 -0.296  0.587 -0.252]
 [ 0.379  0.226 -0.321  0.403 -0.459 -0.417 -0.393]
 [ 0.375 -0.282  0.32   0.486  0.629 -0.2   -0.086]
 [ 0.377 -0.412 -0.    -0.707  0.009 -0.235 -0.36 ]
 [ 0.38   0.603  0.191 -0.283  0.122 -0.345  0.493]
 [ 0.377  0.184 -0.647 -0.049  0.382  0.507 -0.036]
 [ 0.377 -0.516 -0.114  0.135 -0.38   0.105  0.633]]
EigenVectors obtained through numpy:
[[ 0.379  0.207  0.574  0.01  -0.274  0.381 -0.514]
 [ 0.379  0.223 -0.192  0.558 -0.161 -0.624 -0.21 ]
 [ 0.375 -0.268  0.403  0.033  0.764 -0.185  0.075]
 [ 0.377 -0.422 -0.193 -0.658 -0.258 -0.312 -0.214]
 [ 0.38   0.605  0.079 -0.332 -0.075 -0.057  0.603]
 [ 0.377  0.163 -0.654  0.009  0.355  0.479 -0.22 ]
 [ 0.377 -0.515 -0.018  0.38  -0.343  0.319  0.477]]
Learning Rate : 1
Distance measure: 1.021
Time taken to converge as per expectation: inf s