
Playing the asymmetric EigenGame (Variant c, adagrad)...
Time taken: 208.1589970588684s
EigenVectors obtained through EigenGame:
[[ 0.379 -0.478 -0.375  0.02   0.327 -0.583  0.214]
 [ 0.379 -0.078  0.292  0.58   0.189  0.42   0.465]
 [ 0.375  0.004 -0.493  0.03  -0.756  0.173  0.115]
 [ 0.377  0.459 -0.061 -0.642  0.299  0.175  0.331]
 [ 0.38  -0.557  0.245 -0.339  0.017  0.369 -0.482]
 [ 0.377  0.209  0.636 -0.017 -0.352 -0.535 -0.023]
 [ 0.377  0.448 -0.249  0.368  0.269 -0.021 -0.619]]
EigenVectors obtained through numpy:
[[ 0.379 -0.207 -0.574  0.01   0.274 -0.381  0.514]
 [ 0.379 -0.223  0.192  0.558  0.161  0.624  0.21 ]
 [ 0.375  0.268 -0.403  0.033 -0.764  0.185 -0.075]
 [ 0.377  0.422  0.193 -0.658  0.258  0.312  0.214]
 [ 0.38  -0.605 -0.079 -0.332  0.075  0.057 -0.603]
 [ 0.377 -0.163  0.654  0.009 -0.355 -0.479  0.22 ]
 [ 0.377  0.515  0.018  0.38   0.343 -0.319 -0.477]]
Learning Rate : 15
Distance measure: 1.102
Time taken to converge as per expectation: inf s