
Playing the asymmetric EigenGame (Variant a, momentum)...
Time taken: 188.42547488212585s
EigenVectors obtained through EigenGame:
[[ 0.379  0.208 -0.574 -0.006  0.277  0.378  0.514]
 [ 0.379  0.223  0.187 -0.56   0.154 -0.625  0.209]
 [ 0.375 -0.268 -0.403 -0.027 -0.766 -0.178 -0.075]
 [ 0.377 -0.422  0.198  0.655  0.257 -0.314  0.214]
 [ 0.38   0.605 -0.076  0.333  0.076 -0.058 -0.603]
 [ 0.377  0.162  0.654 -0.014 -0.35   0.482  0.22 ]
 [ 0.377 -0.515  0.014 -0.381  0.345  0.316 -0.477]]
EigenVectors obtained through numpy:
[[ 0.379  0.207 -0.574 -0.01   0.274  0.381  0.514]
 [ 0.379  0.223  0.192 -0.558  0.161 -0.624  0.21 ]
 [ 0.375 -0.268 -0.403 -0.033 -0.764 -0.185 -0.075]
 [ 0.377 -0.422  0.193  0.658  0.258 -0.312  0.214]
 [ 0.38   0.605 -0.079  0.332  0.075 -0.057 -0.603]
 [ 0.377  0.163  0.654 -0.009 -0.355  0.479  0.22 ]
 [ 0.377 -0.515  0.018 -0.38   0.343  0.319 -0.477]]
Learning Rate : 5e-07
Distance measure: 0.019
Time taken to converge as per expectation: inf s