
Playing the asymmetric EigenGame (Variant a, momentum)...
Time taken: 178.36406207084656s
EigenVectors obtained through EigenGame:
[[-0.484 -0.262 -0.177  0.874 -0.076  0.295 -0.091]
 [-0.417 -0.297  0.398  0.152  0.065  0.019  0.699]
 [-0.349  0.16  -0.435  0.215  0.65  -0.379  0.166]
 [-0.416  0.327 -0.177 -0.093  0.284  0.712  0.028]
 [-0.236 -0.718 -0.544 -0.159  0.16   0.337  0.304]
 [-0.417 -0.238  0.487 -0.281  0.069 -0.219 -0.617]
 [-0.261  0.373 -0.24  -0.23  -0.676 -0.318 -0.046]]
EigenVectors obtained through numpy:
[[-0.379 -0.207  0.514  0.574 -0.274 -0.01  -0.381]
 [-0.379 -0.223  0.21  -0.192 -0.161 -0.558  0.624]
 [-0.375  0.268 -0.075  0.403  0.764 -0.033  0.185]
 [-0.377  0.422  0.214 -0.193 -0.258  0.658  0.312]
 [-0.38  -0.605 -0.603  0.079 -0.075  0.332  0.057]
 [-0.377 -0.163  0.22  -0.654  0.355 -0.009 -0.479]
 [-0.377  0.515 -0.477 -0.018 -0.343 -0.38  -0.319]]
Learning Rate : 5
Distance measure: 1.762
Time taken to converge as per expectation: inf s