
Playing the asymmetric EigenGame (Variant c, adagrad)...
Time taken: 415.4174611568451s
EigenVectors obtained through EigenGame:
[[-0.315  0.209 -0.082  0.465  0.205 -0.097  0.323 -0.285 -0.098  0.623]
 [-0.316  0.479  0.139  0.388  0.102  0.387 -0.378  0.367  0.176 -0.176]
 [-0.317 -0.079 -0.037 -0.148 -0.076  0.193  0.756  0.423  0.238 -0.131]
 [-0.32  -0.476 -0.133  0.35  -0.137 -0.297 -0.153  0.406 -0.477 -0.095]
 [-0.315  0.508  0.047 -0.097 -0.318 -0.413  0.133 -0.29  -0.233 -0.449]
 [-0.317 -0.331  0.385 -0.03   0.103  0.533  0.036 -0.457 -0.308 -0.205]
 [-0.317 -0.222  0.553 -0.062 -0.319 -0.297 -0.19  -0.033  0.497  0.256]
 [-0.315  0.086  0.104 -0.537  0.67  -0.244 -0.133  0.192 -0.15   0.103]
 [-0.315 -0.248 -0.555  0.088  0.231 -0.089 -0.142 -0.331  0.489 -0.301]
 [-0.315  0.085 -0.425 -0.422 -0.455  0.324 -0.253  0.002 -0.129  0.379]]
EigenVectors obtained through numpy:
[[-0.315  0.224 -0.052  0.461 -0.003  0.061  0.315  0.005  0.198  0.703]
 [-0.316  0.501  0.133  0.354  0.426  0.036 -0.291  0.247  0.069 -0.415]
 [-0.317 -0.087 -0.088 -0.183 -0.092  0.562  0.577  0.182  0.176 -0.36 ]
 [-0.32  -0.465 -0.044  0.388 -0.256 -0.188 -0.028  0.423 -0.49  -0.09 ]
 [-0.315  0.5    0.094 -0.12  -0.529 -0.061  0.037 -0.407 -0.405 -0.112]
 [-0.317 -0.323  0.315 -0.084  0.448  0.378 -0.154 -0.416 -0.342  0.176]
 [-0.317 -0.22   0.603 -0.102 -0.322 -0.162 -0.218  0.025  0.546 -0.004]
 [-0.315  0.066  0.029 -0.497  0.376 -0.581  0.342  0.185 -0.103  0.093]
 [-0.315 -0.25  -0.531  0.184  0.073 -0.28  -0.038 -0.526  0.303 -0.261]
 [-0.315  0.066 -0.464 -0.407 -0.117  0.232 -0.54   0.277  0.054  0.275]]
Learning Rate : 40
Distance measure: 1.611
Time taken to converge as per expectation: inf s