
Playing the asymmetric EigenGame (Variant c, adagrad)...
Time taken: 227.10299396514893s
EigenVectors obtained through EigenGame:
[[ 0.217  0.457  0.208  0.293  0.086  0.388  0.42 ]
 [ 0.048  0.694  0.23   0.452  0.338  0.68  -0.046]
 [ 0.556  0.402  0.108  0.409  0.374  0.397  0.06 ]
 [ 0.257  0.003  0.6    0.502  0.135  0.263  0.582]
 [ 0.533  0.126  0.233  0.284 -0.023  0.313  0.674]
 [ 0.531  0.132  0.418  0.255  0.574  0.248 -0.093]
 [ 0.099  0.339  0.551  0.38   0.625  0.035  0.127]]
EigenVectors obtained through numpy:
[[-0.274  0.207  0.514  0.379 -0.574 -0.381 -0.01 ]
 [-0.161  0.223  0.21   0.379  0.192  0.624 -0.558]
 [ 0.764 -0.268 -0.075  0.375 -0.403  0.185 -0.033]
 [-0.258 -0.422  0.214  0.377  0.193  0.312  0.658]
 [-0.075  0.605 -0.603  0.38  -0.079  0.057  0.332]
 [ 0.355  0.163  0.22   0.377  0.654 -0.479 -0.009]
 [-0.343 -0.515 -0.477  0.377  0.018 -0.319 -0.38 ]]
Learning Rate : 0.0005
Distance measure: 2.972
Time taken to converge as per expectation: inf s