
Playing the asymmetric EigenGame (Variant a, adagrad)...
Time taken: 184.26712608337402s
EigenVectors obtained through EigenGame:
[[-0.379  0.207 -0.566 -0.092 -0.283  0.313 -0.553]
 [-0.379  0.223  0.27  -0.525 -0.144 -0.647 -0.137]
 [-0.375 -0.268 -0.395 -0.088  0.769 -0.156  0.094]
 [-0.377 -0.422  0.097  0.678 -0.251 -0.34  -0.177]
 [-0.38   0.605 -0.126  0.318 -0.075  0.01   0.606]
 [-0.377  0.163  0.648  0.085  0.342  0.46  -0.274]
 [-0.377 -0.515  0.072 -0.375 -0.35   0.363  0.439]]
EigenVectors obtained through numpy:
[[-0.379  0.207 -0.574 -0.01  -0.274  0.381 -0.514]
 [-0.379  0.223  0.192 -0.558 -0.161 -0.624 -0.21 ]
 [-0.375 -0.268 -0.403 -0.033  0.764 -0.185  0.075]
 [-0.377 -0.422  0.193  0.658 -0.258 -0.312 -0.214]
 [-0.38   0.605 -0.079  0.332 -0.075 -0.057  0.603]
 [-0.377  0.163  0.654 -0.009  0.355  0.479 -0.22 ]
 [-0.377 -0.515  0.018 -0.38  -0.343  0.319  0.477]]
Learning Rate : 20
Distance measure: 0.261
Time taken to converge as per expectation: inf s