
Playing the asymmetric EigenGame (Variant b, adagrad)...
Time taken: 217.52758812904358s
EigenVectors obtained through EigenGame:
[[ 0.379 -0.207  0.573 -0.044  0.271 -0.364  0.526]
 [ 0.379 -0.223 -0.153  0.56   0.193  0.63   0.189]
 [ 0.375  0.268  0.404  0.047 -0.763  0.183 -0.081]
 [ 0.377  0.422 -0.237 -0.656  0.223  0.319  0.204]
 [ 0.38  -0.605  0.056 -0.341  0.057  0.037 -0.605]
 [ 0.377 -0.163 -0.652  0.073 -0.351 -0.471  0.236]
 [ 0.377  0.515  0.008  0.361  0.363 -0.335 -0.467]]
EigenVectors obtained through numpy:
[[ 0.379 -0.207  0.574  0.01   0.274 -0.381  0.514]
 [ 0.379 -0.223 -0.192  0.558  0.161  0.624  0.21 ]
 [ 0.375  0.268  0.403  0.033 -0.764  0.185 -0.075]
 [ 0.377  0.422 -0.193 -0.658  0.258  0.312  0.214]
 [ 0.38  -0.605  0.079 -0.332  0.075  0.057 -0.603]
 [ 0.377 -0.163 -0.654  0.009 -0.355 -0.479  0.22 ]
 [ 0.377  0.515 -0.018  0.38   0.343 -0.319 -0.477]]
Learning Rate : 30
Distance measure: 0.132
Time taken to converge as per expectation: inf s