
Playing the asymmetric EigenGame (Variant c)...
Time taken: 394.67519879341125s
EigenVectors obtained through EigenGame:
[[ 0.315 -0.224 -0.067 -0.459  0.009 -0.09  -0.359  0.459 -0.501  0.195]
 [ 0.316 -0.5    0.126 -0.365 -0.42  -0.01   0.344 -0.432  0.121  0.074]
 [ 0.317  0.086 -0.082  0.185  0.094 -0.605 -0.482 -0.443  0.122  0.18 ]
 [ 0.32   0.465 -0.064 -0.382  0.258  0.198  0.053 -0.363 -0.238 -0.484]
 [ 0.315 -0.499  0.103  0.123  0.527  0.061 -0.069  0.197  0.364 -0.41 ]
 [ 0.317  0.327  0.315  0.065 -0.443 -0.373  0.138  0.429  0.169 -0.348]
 [ 0.317  0.227  0.604  0.084  0.321  0.184  0.203  0.01  -0.011  0.546]
 [ 0.315 -0.066  0.049  0.492 -0.389  0.545 -0.377 -0.103 -0.199 -0.101]
 [ 0.315  0.245 -0.54  -0.164 -0.074  0.28  -0.01   0.193  0.559  0.298]
 [ 0.315 -0.071 -0.448  0.425  0.115 -0.186  0.557  0.061 -0.387  0.056]]
EigenVectors obtained through numpy:
[[ 0.315 -0.224 -0.052 -0.461  0.003 -0.061 -0.315  0.315 -0.005  0.198]
 [ 0.316 -0.501  0.133 -0.354 -0.426 -0.036  0.291 -0.291 -0.247  0.069]
 [ 0.317  0.087 -0.088  0.183  0.092 -0.562 -0.577  0.577 -0.182  0.176]
 [ 0.32   0.465 -0.044 -0.388  0.256  0.188  0.028 -0.028 -0.423 -0.49 ]
 [ 0.315 -0.5    0.094  0.12   0.529  0.061 -0.037  0.037  0.407 -0.405]
 [ 0.317  0.323  0.315  0.084 -0.448 -0.378  0.154 -0.154  0.416 -0.342]
 [ 0.317  0.22   0.603  0.102  0.322  0.162  0.218 -0.218 -0.025  0.546]
 [ 0.315 -0.066  0.029  0.497 -0.376  0.581 -0.342  0.342 -0.185 -0.103]
 [ 0.315  0.25  -0.531 -0.184 -0.073  0.28   0.038 -0.038  0.526  0.303]
 [ 0.315 -0.066 -0.464  0.407  0.117 -0.232  0.54  -0.54  -0.277  0.054]]
Learning Rate : 5e-07
Distance measure: 1.685
Time taken to converge as per expectation: inf s