
Playing the asymmetric EigenGame (Variant a, adagrad)...
Time taken: 186.71477890014648s
EigenVectors obtained through EigenGame:
[[-0.378  0.2   -0.575 -0.032 -0.275 -0.39   0.507]
 [-0.379  0.22   0.207 -0.554 -0.152  0.62   0.221]
 [-0.375 -0.274 -0.402 -0.034  0.765  0.185 -0.072]
 [-0.377 -0.425  0.174  0.66  -0.267  0.308  0.22 ]
 [-0.382  0.601 -0.093  0.329 -0.08   0.069 -0.602]
 [-0.377  0.162  0.652  0.016  0.353 -0.484  0.211]
 [-0.379 -0.519  0.031 -0.384 -0.338 -0.309 -0.483]]
EigenVectors obtained through numpy:
[[-0.379  0.207 -0.574 -0.01  -0.274 -0.381  0.514]
 [-0.379  0.223  0.192 -0.558 -0.161  0.624  0.21 ]
 [-0.375 -0.268 -0.403 -0.033  0.764  0.185 -0.075]
 [-0.377 -0.422  0.193  0.658 -0.258  0.312  0.214]
 [-0.38   0.605 -0.079  0.332 -0.075  0.057 -0.603]
 [-0.377  0.163  0.654 -0.009  0.355 -0.479  0.22 ]
 [-0.377 -0.515  0.018 -0.38  -0.343 -0.319 -0.477]]
Learning Rate : 40
Distance measure: 0.056
Time taken to converge as per expectation: inf s