
Playing the asymmetric EigenGame (Variant a, rmsprop)...
Time taken: 82.43573093414307s
EigenVectors obtained through EigenGame:
[[ 0.448  0.602  0.385  0.479 -0.242]
 [ 0.449 -0.669 -0.096  0.567  0.14 ]
 [ 0.442  0.358 -0.446 -0.168  0.67 ]
 [ 0.447 -0.245  0.64  -0.563  0.121]
 [ 0.45  -0.043 -0.484 -0.321 -0.677]]
EigenVectors obtained through numpy:
[[ 0.448  0.603  0.382  0.48  -0.243]
 [ 0.449 -0.669 -0.094  0.568  0.14 ]
 [ 0.443  0.357 -0.447 -0.168  0.67 ]
 [ 0.447 -0.242  0.641 -0.563  0.121]
 [ 0.449 -0.044 -0.484 -0.321 -0.677]]
Learning Rate : 0.001
Distance measure: 0.005
Time taken to converge as per expectation: 82.43339014053345 s