
Playing the asymmetric EigenGame (Variant c, adagrad)...
Time taken: 468.53023886680603s
EigenVectors obtained through EigenGame:
[[-0.315 -0.3   -0.018  0.089 -0.255 -0.227  0.075 -0.59  -0.524 -0.234]
 [-0.316 -0.399  0.288  0.541 -0.254 -0.105  0.089  0.139  0.507  0.059]
 [-0.317  0.121  0.019 -0.134  0.332 -0.766  0.008  0.352 -0.031 -0.212]
 [-0.32   0.168 -0.532 -0.043 -0.455 -0.138 -0.245  0.117 -0.022  0.536]
 [-0.315 -0.123  0.502 -0.512 -0.193  0.217  0.265  0.307 -0.255  0.246]
 [-0.317  0.403 -0.046  0.348  0.383  0.149  0.563 -0.163 -0.1    0.306]
 [-0.317  0.629  0.18  -0.087 -0.342  0.156 -0.109 -0.138  0.262 -0.477]
 [-0.315 -0.001  0.183  0.315  0.314  0.293 -0.66   0.166 -0.34   0.012]
 [-0.315 -0.308 -0.56  -0.092  0.095  0.387  0.221  0.297  0.043 -0.436]
 [-0.315 -0.199 -0.008 -0.426  0.38   0.04  -0.208 -0.489  0.454  0.193]]
EigenVectors obtained through numpy:
[[-0.315 -0.052  0.224 -0.003 -0.461 -0.061 -0.005 -0.703 -0.315 -0.198]
 [-0.316  0.133  0.501  0.426 -0.354 -0.036 -0.247  0.415  0.291 -0.069]
 [-0.317 -0.088 -0.087 -0.092  0.183 -0.562 -0.182  0.36  -0.577 -0.176]
 [-0.32  -0.044 -0.465 -0.256 -0.388  0.188 -0.423  0.09   0.028  0.49 ]
 [-0.315  0.094  0.5   -0.529  0.12   0.061  0.407  0.112 -0.037  0.405]
 [-0.317  0.315 -0.323  0.448  0.084 -0.378  0.416 -0.176  0.154  0.342]
 [-0.317  0.603 -0.22  -0.322  0.102  0.162 -0.025  0.004  0.218 -0.546]
 [-0.315  0.029  0.066  0.376  0.497  0.581 -0.185 -0.093 -0.342  0.103]
 [-0.315 -0.531 -0.25   0.073 -0.184  0.28   0.526  0.261  0.038 -0.303]
 [-0.315 -0.464  0.066 -0.117  0.407 -0.232 -0.277 -0.275  0.54  -0.054]]
Learning Rate : 45
Distance measure: 2.011
Time taken to converge as per expectation: inf s