
Playing the asymmetric EigenGame (Variant a, rmsprop)...
Time taken: 193.2533462047577s
EigenVectors obtained through EigenGame:
[[ 0.382 -0.204 -0.441  0.367  0.27   0.463  0.448]
 [ 0.381 -0.22  -0.228 -0.549  0.16  -0.578  0.311]
 [ 0.375  0.271 -0.328  0.235 -0.768 -0.192 -0.041]
 [ 0.379  0.425  0.576  0.366  0.253 -0.27   0.264]
 [ 0.376 -0.602  0.157  0.299  0.071 -0.153 -0.584]
 [ 0.379 -0.16   0.481 -0.442 -0.357  0.511  0.142]
 [ 0.374  0.518 -0.241 -0.301  0.34   0.239 -0.52 ]]
EigenVectors obtained through numpy:
[[ 0.379 -0.207 -0.574 -0.01   0.274  0.381  0.514]
 [ 0.379 -0.223  0.192 -0.558  0.161 -0.624  0.21 ]
 [ 0.375  0.268 -0.403 -0.033 -0.764 -0.185 -0.075]
 [ 0.377  0.422  0.193  0.658  0.258 -0.312  0.214]
 [ 0.38  -0.605 -0.079  0.332  0.075 -0.057 -0.603]
 [ 0.377 -0.163  0.654 -0.009 -0.355  0.479  0.22 ]
 [ 0.377  0.515  0.018 -0.38   0.343  0.319 -0.477]]
Learning Rate : 0.01
Distance measure: 1.024
Time taken to converge as per expectation: inf s