
Playing the asymmetric EigenGame (Variant c)...
Time taken: 85.22941708564758s
EigenVectors obtained through EigenGame:
[[ 0.448 -0.606  0.378  0.48  -0.243]
 [ 0.449  0.67  -0.089  0.568  0.14 ]
 [ 0.443 -0.354 -0.45  -0.167  0.67 ]
 [ 0.447  0.238  0.642 -0.563  0.121]
 [ 0.449  0.048 -0.484 -0.321 -0.677]]
EigenVectors obtained through numpy:
[[ 0.448 -0.603  0.382  0.48  -0.243]
 [ 0.449  0.669 -0.094  0.568  0.14 ]
 [ 0.443 -0.357 -0.447 -0.168  0.67 ]
 [ 0.447  0.242  0.641 -0.563  0.121]
 [ 0.449  0.044 -0.484 -0.321 -0.677]]
Learning Rate : 1e-06
Distance measure: 0.01
Time taken to converge as per expectation: 84.47573161125183 s