
Playing the asymmetric EigenGame (Variant c, adagrad)...
Time taken: 408.75301814079285s
EigenVectors obtained through EigenGame:
[[ 0.315  0.423 -0.506 -0.354  0.064 -0.114  0.162  0.118 -0.408  0.356]
 [ 0.316 -0.287 -0.319 -0.155 -0.188  0.461  0.242  0.039 -0.079 -0.606]
 [ 0.317 -0.209  0.167 -0.039 -0.454 -0.386 -0.284  0.62  -0.068 -0.039]
 [ 0.32   0.45   0.035  0.438 -0.208 -0.332 -0.047 -0.411 -0.127 -0.402]
 [ 0.315  0.288  0.411 -0.443 -0.335  0.181  0.15  -0.201  0.465  0.167]
 [ 0.317 -0.387 -0.139  0.284  0.084 -0.337  0.607 -0.07   0.31   0.254]
 [ 0.317  0.184  0.475  0.342  0.356  0.392  0.204  0.362 -0.259  0.064]
 [ 0.315 -0.22   0.234 -0.445  0.594 -0.323 -0.193 -0.198 -0.076 -0.25 ]
 [ 0.315  0.149 -0.379  0.205  0.28   0.188 -0.478  0.171  0.565  0.034]
 [ 0.315 -0.393  0.019  0.154 -0.187  0.274 -0.367 -0.431 -0.32   0.428]]
EigenVectors obtained through numpy:
[[ 0.315  0.003 -0.461 -0.224 -0.061 -0.315 -0.052  0.198 -0.005  0.703]
 [ 0.316 -0.426 -0.354 -0.501 -0.036  0.291  0.133  0.069 -0.247 -0.415]
 [ 0.317  0.092  0.183  0.087 -0.562 -0.577 -0.088  0.176 -0.182 -0.36 ]
 [ 0.32   0.256 -0.388  0.465  0.188  0.028 -0.044 -0.49  -0.423 -0.09 ]
 [ 0.315  0.529  0.12  -0.5    0.061 -0.037  0.094 -0.405  0.407 -0.112]
 [ 0.317 -0.448  0.084  0.323 -0.378  0.154  0.315 -0.342  0.416  0.176]
 [ 0.317  0.322  0.102  0.22   0.162  0.218  0.603  0.546 -0.025 -0.004]
 [ 0.315 -0.376  0.497 -0.066  0.581 -0.342  0.029 -0.103 -0.185  0.093]
 [ 0.315 -0.073 -0.184  0.25   0.28   0.038 -0.531  0.303  0.526 -0.261]
 [ 0.315  0.117  0.407 -0.066 -0.232  0.54  -0.464  0.054 -0.277  0.275]]
Learning Rate : 0.5
Distance measure: 2.272
Time taken to converge as per expectation: inf s