
Playing the asymmetric EigenGame (Variant c)...
Time taken: 83.92408394813538s
EigenVectors obtained through EigenGame:
[[ 0.448 -0.14   0.673  0.518  0.24 ]
 [ 0.449  0.32  -0.606  0.554 -0.142]
 [ 0.443 -0.557 -0.01  -0.216 -0.669]
 [ 0.447  0.686  0.272 -0.495 -0.118]
 [ 0.449 -0.313 -0.327 -0.365  0.679]]
EigenVectors obtained through numpy:
[[ 0.448  0.382  0.603  0.48   0.243]
 [ 0.449 -0.094 -0.669  0.568 -0.14 ]
 [ 0.443 -0.447  0.357 -0.168 -0.67 ]
 [ 0.447  0.641 -0.242 -0.563 -0.121]
 [ 0.449 -0.484 -0.044 -0.321  0.677]]
Learning Rate : 5e-07
Distance measure: 0.993
Time taken to converge as per expectation: inf s