
Playing the asymmetric EigenGame (Variant a, momentum)...
Time taken: 189.7834277153015s
EigenVectors obtained through EigenGame:
[[ 0.379  0.207  0.571 -0.049  0.276 -0.395  0.504]
 [ 0.379  0.223 -0.238 -0.535  0.177  0.618  0.226]
 [ 0.375 -0.268  0.4   -0.09  -0.761  0.187 -0.07 ]
 [ 0.377 -0.422 -0.138  0.679  0.237  0.306  0.222]
 [ 0.38   0.605  0.106  0.327  0.066  0.074 -0.602]
 [ 0.377  0.163 -0.652  0.034 -0.356 -0.485  0.207]
 [ 0.377 -0.515 -0.05  -0.367  0.354 -0.306 -0.486]]
EigenVectors obtained through numpy:
[[ 0.379  0.207  0.574 -0.01   0.274 -0.381  0.514]
 [ 0.379  0.223 -0.192 -0.558  0.161  0.624  0.21 ]
 [ 0.375 -0.268  0.403 -0.033 -0.764  0.185 -0.075]
 [ 0.377 -0.422 -0.193  0.658  0.258  0.312  0.214]
 [ 0.38   0.605  0.079  0.332  0.075  0.057 -0.603]
 [ 0.377  0.163 -0.654 -0.009 -0.355 -0.479  0.22 ]
 [ 0.377 -0.515 -0.018 -0.38   0.343 -0.319 -0.477]]
Learning Rate : 5e-07
Distance measure: 0.131
Time taken to converge as per expectation: inf s