
Playing the asymmetric EigenGame (Variant a, adagrad)...
Time taken: 185.43814826011658s
EigenVectors obtained through EigenGame:
[[-0.379 -0.207  0.57  -0.07  -0.273 -0.401 -0.499]
 [-0.379 -0.223 -0.249 -0.535 -0.162  0.615 -0.233]
 [-0.375  0.268  0.398 -0.074  0.764  0.189  0.068]
 [-0.377  0.422 -0.123  0.674 -0.259  0.303 -0.226]
 [-0.38  -0.605  0.113  0.322 -0.076  0.08   0.601]
 [-0.377 -0.163 -0.651  0.059  0.356 -0.486 -0.202]
 [-0.377  0.515 -0.058 -0.377 -0.342 -0.301  0.489]]
EigenVectors obtained through numpy:
[[-0.379 -0.207  0.574 -0.01  -0.274 -0.381 -0.514]
 [-0.379 -0.223 -0.192 -0.558 -0.161  0.624 -0.21 ]
 [-0.375  0.268  0.403 -0.033  0.764  0.185  0.075]
 [-0.377  0.422 -0.193  0.658 -0.258  0.312 -0.214]
 [-0.38  -0.605  0.079  0.332 -0.075  0.057  0.603]
 [-0.377 -0.163 -0.654 -0.009  0.355 -0.479 -0.22 ]
 [-0.377  0.515 -0.018 -0.38  -0.343 -0.319  0.477]]
Learning Rate : 25
Distance measure: 0.157
Time taken to converge as per expectation: inf s