
Playing the asymmetric EigenGame (Variant c, adagrad)...
Time taken: 235.9681990146637s
EigenVectors obtained through EigenGame:
[[-0.379 -0.158  0.608  0.038 -0.185 -0.27   0.593]
 [-0.379 -0.362 -0.235  0.41  -0.139  0.681  0.141]
 [-0.375  0.229  0.239  0.319  0.779  0.008 -0.197]
 [-0.377  0.58  -0.06  -0.589 -0.053  0.379  0.171]
 [-0.38  -0.49   0.216 -0.444 -0.076 -0.021 -0.602]
 [-0.377 -0.206 -0.677 -0.139  0.215 -0.476  0.257]
 [-0.377  0.415 -0.094  0.407 -0.534 -0.304 -0.364]]
EigenVectors obtained through numpy:
[[-0.379 -0.207  0.574  0.01  -0.274 -0.381  0.514]
 [-0.379 -0.223 -0.192  0.558 -0.161  0.624  0.21 ]
 [-0.375  0.268  0.403  0.033  0.764  0.185 -0.075]
 [-0.377  0.422 -0.193 -0.658 -0.258  0.312  0.214]
 [-0.38  -0.605  0.079 -0.332 -0.075  0.057 -0.603]
 [-0.377 -0.163 -0.654  0.009  0.355 -0.479  0.22 ]
 [-0.377  0.515 -0.018  0.38  -0.343 -0.319 -0.477]]
Learning Rate : 10
Distance measure: 0.704
Time taken to converge as per expectation: inf s