
Playing the asymmetric EigenGame (Variant c, momentum)...
Time taken: 217.71875s
EigenVectors obtained through EigenGame:
[[ 0.379 -0.379 -0.368 -0.06   0.082  0.461  0.595]
 [ 0.379 -0.137  0.307  0.422  0.48   0.364 -0.45 ]
 [ 0.375  0.032 -0.612  0.25  -0.47  -0.075 -0.441]
 [ 0.377  0.487 -0.025 -0.719  0.149  0.208 -0.201]
 [ 0.38  -0.58   0.132 -0.324  0.105 -0.61  -0.101]
 [ 0.377  0.075  0.613  0.074 -0.649  0.122  0.195]
 [ 0.377  0.508 -0.05   0.359  0.296 -0.468  0.401]]
EigenVectors obtained through numpy:
[[ 0.379 -0.207 -0.574  0.01   0.274  0.514  0.381]
 [ 0.379 -0.223  0.192  0.558  0.161  0.21  -0.624]
 [ 0.375  0.268 -0.403  0.033 -0.764 -0.075 -0.185]
 [ 0.377  0.422  0.193 -0.658  0.258  0.214 -0.312]
 [ 0.38  -0.605 -0.079 -0.332  0.075 -0.603 -0.057]
 [ 0.377 -0.163  0.654  0.009 -0.355  0.22   0.479]
 [ 0.377  0.515  0.018  0.38   0.343 -0.477  0.319]]
Learning Rate : 1e-07
Distance measure: 1.018
Time taken to converge as per expectation: inf s