
Playing the asymmetric EigenGame (Variant a, rmsprop)...
Time taken: 185.64380812644958s
EigenVectors obtained through EigenGame:
[[0.501 0.007 0.207 0.552 0.373 0.632 0.571]
 [0.134 0.603 0.366 0.436 0.162 0.142 0.369]
 [0.466 0.206 0.318 0.16  0.447 0.178 0.321]
 [0.036 0.388 0.069 0.367 0.448 0.309 0.286]
 [0.542 0.411 0.087 0.032 0.066 0.071 0.504]
 [0.442 0.098 0.611 0.278 0.168 0.431 0.153]
 [0.15  0.515 0.58  0.517 0.634 0.512 0.275]]
EigenVectors obtained through numpy:
[[-0.379 -0.514  0.01   0.274 -0.207  0.381  0.574]
 [-0.379 -0.21   0.558  0.161 -0.223 -0.624 -0.192]
 [-0.375  0.075  0.033 -0.764  0.268 -0.185  0.403]
 [-0.377 -0.214 -0.658  0.258  0.422 -0.312 -0.193]
 [-0.38   0.603 -0.332  0.075 -0.605 -0.057  0.079]
 [-0.377 -0.22   0.009 -0.355 -0.163  0.479 -0.654]
 [-0.377  0.477  0.38   0.343  0.515  0.319 -0.018]]
Learning Rate : 5e-10
Distance measure: 3.415
Time taken to converge as per expectation: inf s