
Playing the asymmetric EigenGame (Variant c, adagrad)...
Time taken: 197.01938486099243s
EigenVectors obtained through EigenGame:
[[ 0.463  0.318  0.461  0.073  0.586  0.087 -0.177]
 [ 0.351  0.085  0.325 -0.134  0.149  0.35   0.61 ]
 [ 0.137  0.426  0.203  0.261  0.377  0.528 -0.034]
 [ 0.293  0.077  0.202  0.119  0.063  0.29   0.068]
 [ 0.364  0.674  0.721  0.275  0.357  0.641  0.759]
 [ 0.456  0.027  0.152  0.735  0.483  0.256  0.115]
 [ 0.466  0.499  0.238  0.528  0.357 -0.173  0.043]]
EigenVectors obtained through numpy:
[[ 0.379  0.574  0.514  0.381  0.274 -0.01   0.207]
 [ 0.379 -0.192  0.21  -0.624  0.161 -0.558  0.223]
 [ 0.375  0.403 -0.075 -0.185 -0.764 -0.033 -0.268]
 [ 0.377 -0.193  0.214 -0.312  0.258  0.658 -0.422]
 [ 0.38   0.079 -0.603 -0.057  0.075  0.332  0.605]
 [ 0.377 -0.654  0.22   0.479 -0.355 -0.009  0.163]
 [ 0.377 -0.018 -0.477  0.319  0.343 -0.38  -0.515]]
Learning Rate : 0.001
Distance measure: 3.054
Time taken to converge as per expectation: inf s