
Playing the asymmetric EigenGame (Variant c, adagrad)...
Time taken: 451.0062007904053s
EigenVectors obtained through EigenGame:
[[-0.315  0.058  0.442 -0.194 -0.062  0.172  0.48  -0.604  0.076 -0.179]
 [-0.316  0.403  0.284 -0.206  0.397 -0.51  -0.178  0.236  0.3   -0.126]
 [-0.317 -0.065 -0.198  0.133 -0.651 -0.292  0.229  0.283  0.129 -0.425]
 [-0.32  -0.498  0.105 -0.373  0.048  0.382  0.037  0.421  0.356  0.227]
 [-0.315  0.527  0.164 -0.047 -0.367  0.22  -0.058  0.217 -0.374  0.469]
 [-0.317 -0.168 -0.482 -0.139  0.108 -0.452  0.246 -0.261 -0.095  0.513]
 [-0.317  0.103 -0.435 -0.372 -0.014  0.256 -0.532 -0.281 -0.086 -0.352]
 [-0.315  0.184 -0.303  0.398  0.496  0.343  0.381  0.224 -0.128 -0.202]
 [-0.315 -0.477  0.358  0.163  0.121 -0.194 -0.23   0.039 -0.627 -0.15 ]
 [-0.315 -0.061  0.072  0.646 -0.074  0.074 -0.373 -0.279  0.442  0.224]]
EigenVectors obtained through numpy:
[[-0.315  0.224 -0.052 -0.461 -0.061  0.003  0.315 -0.703  0.005 -0.198]
 [-0.316  0.501  0.133 -0.354 -0.036 -0.426 -0.291  0.415  0.247 -0.069]
 [-0.317 -0.087 -0.088  0.183 -0.562  0.092  0.577  0.36   0.182 -0.176]
 [-0.32  -0.465 -0.044 -0.388  0.188  0.256 -0.028  0.09   0.423  0.49 ]
 [-0.315  0.5    0.094  0.12   0.061  0.529  0.037  0.112 -0.407  0.405]
 [-0.317 -0.323  0.315  0.084 -0.378 -0.448 -0.154 -0.176 -0.416  0.342]
 [-0.317 -0.22   0.603  0.102  0.162  0.322 -0.218  0.004  0.025 -0.546]
 [-0.315  0.066  0.029  0.497  0.581 -0.376  0.342 -0.093  0.185  0.103]
 [-0.315 -0.25  -0.531 -0.184  0.28  -0.073 -0.038  0.261 -0.526 -0.303]
 [-0.315  0.066 -0.464  0.407 -0.232  0.117 -0.54  -0.275  0.277 -0.054]]
Learning Rate : 20
Distance measure: 2.677
Time taken to converge as per expectation: inf s