
Playing the asymmetric EigenGame (Variant b, adagrad)...
Time taken: 217.2107241153717s
EigenVectors obtained through EigenGame:
[[-0.379 -0.207  0.572 -0.052  0.276 -0.392  0.504]
 [-0.379 -0.223 -0.134  0.572  0.165  0.619  0.225]
 [-0.375  0.268  0.405  0.001 -0.765  0.183 -0.071]
 [-0.377  0.422 -0.259 -0.638  0.248  0.308  0.222]
 [-0.38  -0.605  0.045 -0.34   0.071  0.073 -0.602]
 [-0.377 -0.163 -0.649  0.08  -0.351 -0.486  0.208]
 [-0.377  0.515  0.02   0.376  0.349 -0.305 -0.485]]
EigenVectors obtained through numpy:
[[-0.379 -0.207  0.574  0.01   0.274 -0.381  0.514]
 [-0.379 -0.223 -0.192  0.558  0.161  0.624  0.21 ]
 [-0.375  0.268  0.403  0.033 -0.764  0.185 -0.075]
 [-0.377  0.422 -0.193 -0.658  0.258  0.312  0.214]
 [-0.38  -0.605  0.079 -0.332  0.075  0.057 -0.603]
 [-0.377 -0.163 -0.654  0.009 -0.355 -0.479  0.22 ]
 [-0.377  0.515 -0.018  0.38   0.343 -0.319 -0.477]]
Learning Rate : 50
Distance measure: 0.15
Time taken to converge as per expectation: inf s