
Playing the asymmetric EigenGame (Variant a, rmsprop)...
Time taken: 76.77346396446228s
EigenVectors obtained through EigenGame:
[[ 0.448  0.604 -0.381  0.479 -0.243]
 [ 0.449 -0.669  0.093  0.567  0.139]
 [ 0.442  0.357  0.448 -0.168  0.669]
 [ 0.447 -0.241 -0.641 -0.563  0.121]
 [ 0.45  -0.045  0.484 -0.321 -0.678]]
EigenVectors obtained through numpy:
[[ 0.448  0.603 -0.382  0.48  -0.243]
 [ 0.449 -0.669  0.094  0.568  0.14 ]
 [ 0.443  0.357  0.447 -0.168  0.67 ]
 [ 0.447 -0.242 -0.641 -0.563  0.121]
 [ 0.449 -0.044  0.484 -0.321 -0.677]]
Learning Rate : 0.001
Distance measure: 0.003
Time taken to converge as per expectation: 76.77074408531189 s