
Playing the asymmetric EigenGame (Variant c, momentum)...
Time taken: 219.25750398635864s
EigenVectors obtained through EigenGame:
[[-0.391  0.04   0.458  0.292 -0.161 -0.39  -0.241]
 [-0.257  0.007 -0.37   0.334  0.624 -0.06  -0.393]
 [-0.41   0.571  0.125 -0.308 -0.072  0.244  0.46 ]
 [-0.271  0.256 -0.549 -0.756 -0.378  0.024 -0.517]
 [-0.332 -0.037  0.323  0.262 -0.086 -0.345 -0.454]
 [-0.514 -0.68  -0.364 -0.174 -0.058  0.049  0.305]
 [-0.407  0.38  -0.316 -0.197  0.653  0.814  0.101]]
EigenVectors obtained through numpy:
[[-0.379  0.207  0.574 -0.381  0.01  -0.514 -0.274]
 [-0.379  0.223 -0.192  0.624  0.558 -0.21  -0.161]
 [-0.375 -0.268  0.403  0.185  0.033  0.075  0.764]
 [-0.377 -0.422 -0.193  0.312 -0.658 -0.214 -0.258]
 [-0.38   0.605  0.079  0.057 -0.332  0.603 -0.075]
 [-0.377  0.163 -0.654 -0.479  0.009 -0.22   0.355]
 [-0.377 -0.515 -0.018 -0.319  0.38   0.477 -0.343]]
Learning Rate : 0.005
Distance measure: 2.791
Time taken to converge as per expectation: inf s