
Playing the asymmetric EigenGame (Variant c, adagrad)...
Time taken: 398.7095077037811s
EigenVectors obtained through EigenGame:
[[-0.315  0.48  -0.184  0.35  -0.164  0.192 -0.616 -0.073 -0.274  0.032]
 [-0.316  0.513  0.195  0.144  0.395  0.192  0.399  0.274  0.276  0.262]
 [-0.317  0.003 -0.094  0.109 -0.68  -0.041  0.494  0.296 -0.275 -0.082]
 [-0.32  -0.244 -0.436  0.196  0.368 -0.561 -0.106  0.383  0.014 -0.079]
 [-0.315  0.291  0.389 -0.234 -0.126 -0.495 -0.086 -0.232  0.266 -0.463]
 [-0.317 -0.422  0.118  0.175  0.018  0.541 -0.129  0.135  0.345 -0.479]
 [-0.317 -0.391  0.365  0.381 -0.11  -0.173 -0.022 -0.365  0.074  0.536]
 [-0.315 -0.136  0.276 -0.249  0.399  0.11   0.087 -0.092 -0.73  -0.133]
 [-0.315  0.023 -0.595 -0.186  0.064  0.144  0.283 -0.622  0.147 -0.004]
 [-0.315 -0.109 -0.03  -0.693 -0.166  0.097 -0.307  0.29   0.153  0.41 ]]
EigenVectors obtained through numpy:
[[-0.315  0.224 -0.052  0.461 -0.061 -0.003 -0.703  0.005 -0.315  0.198]
 [-0.316  0.501  0.133  0.354 -0.036  0.426  0.415  0.247  0.291  0.069]
 [-0.317 -0.087 -0.088 -0.183 -0.562 -0.092  0.36   0.182 -0.577  0.176]
 [-0.32  -0.465 -0.044  0.388  0.188 -0.256  0.09   0.423  0.028 -0.49 ]
 [-0.315  0.5    0.094 -0.12   0.061 -0.529  0.112 -0.407 -0.037 -0.405]
 [-0.317 -0.323  0.315 -0.084 -0.378  0.448 -0.176 -0.416  0.154 -0.342]
 [-0.317 -0.22   0.603 -0.102  0.162 -0.322  0.004  0.025  0.218  0.546]
 [-0.315  0.066  0.029 -0.497  0.581  0.376 -0.093  0.185 -0.342 -0.103]
 [-0.315 -0.25  -0.531  0.184  0.28   0.073  0.261 -0.526  0.038  0.303]
 [-0.315  0.066 -0.464 -0.407 -0.232 -0.117 -0.275  0.277  0.54   0.054]]
Learning Rate : 30
Distance measure: 2.122
Time taken to converge as per expectation: inf s