
Playing the asymmetric EigenGame (Variant b, rmsprop)...
Time taken: 237.09849905967712s
EigenVectors obtained through EigenGame:
[[ 0.379 -0.21   0.505  0.29  -0.139 -0.105  0.664]
 [ 0.379 -0.161  0.111 -0.683  0.179  0.564  0.071]
 [ 0.375  0.267  0.142  0.253  0.803 -0.124 -0.202]
 [ 0.377  0.352 -0.474  0.422 -0.232  0.512  0.106]
 [ 0.38  -0.632  0.031  0.255 -0.203  0.    -0.592]
 [ 0.377 -0.163 -0.626 -0.265  0.052 -0.549  0.252]
 [ 0.377  0.556  0.309 -0.269 -0.454 -0.303 -0.298]]
EigenVectors obtained through numpy:
[[ 0.379 -0.207  0.574 -0.01  -0.274 -0.381  0.514]
 [ 0.379 -0.223 -0.192 -0.558 -0.161  0.624  0.21 ]
 [ 0.375  0.268  0.403 -0.033  0.764  0.185 -0.075]
 [ 0.377  0.422 -0.193  0.658 -0.258  0.312  0.214]
 [ 0.38  -0.605  0.079  0.332 -0.075  0.057 -0.603]
 [ 0.377 -0.163 -0.654 -0.009  0.355 -0.479  0.22 ]
 [ 0.377  0.515 -0.018 -0.38  -0.343 -0.319 -0.477]]
Learning Rate : 5e-05
Distance measure: 1.129
Time taken to converge as per expectation: inf s