
Playing the asymmetric EigenGame (Variant b, rmsprop)...
Time taken: 267.8440270423889s
EigenVectors obtained through EigenGame:
[[ 0.379  0.207  0.453  0.35  -0.273  0.493  0.409]
 [ 0.379  0.222 -0.486  0.341 -0.15  -0.555  0.351]
 [ 0.375 -0.269  0.315  0.25   0.765 -0.198 -0.029]
 [ 0.377 -0.423  0.23  -0.641 -0.272 -0.251  0.281]
 [ 0.38   0.604  0.259 -0.221 -0.082 -0.199 -0.573]
 [ 0.377  0.162 -0.529 -0.384  0.355  0.518  0.1  ]
 [ 0.377 -0.516 -0.244  0.303 -0.334  0.196 -0.54 ]]
EigenVectors obtained through numpy:
[[ 0.379  0.207  0.574  0.01  -0.274  0.381  0.514]
 [ 0.379  0.223 -0.192  0.558 -0.161 -0.624  0.21 ]
 [ 0.375 -0.268  0.403  0.033  0.764 -0.185 -0.075]
 [ 0.377 -0.422 -0.193 -0.658 -0.258 -0.312  0.214]
 [ 0.38   0.605  0.079 -0.332 -0.075 -0.057 -0.603]
 [ 0.377  0.163 -0.654  0.009  0.355  0.479  0.22 ]
 [ 0.377 -0.515 -0.018  0.38  -0.343  0.319 -0.477]]
Learning Rate : 0.001
Distance measure: 0.941
Time taken to converge as per expectation: inf s