
Playing the asymmetric EigenGame (Variant b, adagrad)...
Time taken: 260.44924902915955s
EigenVectors obtained through EigenGame:
[[-0.379  0.209 -0.561 -0.126 -0.267 -0.288  0.573]
 [-0.379  0.222  0.257 -0.555 -0.055  0.648  0.098]
 [-0.375 -0.267 -0.42   0.073  0.751  0.178 -0.107]
 [-0.377 -0.423  0.126  0.611 -0.385  0.342  0.156]
 [-0.38   0.605 -0.11   0.3   -0.14  -0.05  -0.604]
 [-0.377  0.16   0.641  0.135  0.359 -0.429  0.3  ]
 [-0.377 -0.515  0.067 -0.435 -0.257 -0.402 -0.414]]
EigenVectors obtained through numpy:
[[-0.379  0.207 -0.574 -0.01  -0.274 -0.381  0.514]
 [-0.379  0.223  0.192 -0.558 -0.161  0.624  0.21 ]
 [-0.375 -0.268 -0.403 -0.033  0.764  0.185 -0.075]
 [-0.377 -0.422  0.193  0.658 -0.258  0.312  0.214]
 [-0.38   0.605 -0.079  0.332 -0.075  0.057 -0.603]
 [-0.377  0.163  0.654 -0.009  0.355 -0.479  0.22 ]
 [-0.377 -0.515  0.018 -0.38  -0.343 -0.319 -0.477]]
Learning Rate : 35
Distance measure: 0.406
Time taken to converge as per expectation: inf s