
Playing the asymmetric EigenGame (Variant b, adagrad)...
Time taken: 202.09294199943542s
EigenVectors obtained through EigenGame:
[[ 0.379 -0.545 -0.318 -0.01  -0.464 -0.357  0.345]
 [ 0.379  0.084 -0.179 -0.465  0.495  0.298  0.514]
 [ 0.375 -0.427  0.238  0.211  0.608 -0.29  -0.343]
 [ 0.377  0.262  0.453  0.609 -0.121  0.154  0.418]
 [ 0.38   0.114 -0.608  0.33  -0.055  0.438 -0.416]
 [ 0.377  0.644 -0.06  -0.207 -0.076 -0.6   -0.172]
 [ 0.377 -0.133  0.482 -0.466 -0.383  0.351 -0.349]]
EigenVectors obtained through numpy:
[[ 0.379 -0.574 -0.207 -0.01  -0.274 -0.574  0.514]
 [ 0.379  0.192 -0.223 -0.558 -0.161  0.192  0.21 ]
 [ 0.375 -0.403  0.268 -0.033  0.764 -0.403 -0.075]
 [ 0.377  0.193  0.422  0.658 -0.258  0.193  0.214]
 [ 0.38  -0.079 -0.605  0.332 -0.075 -0.079 -0.603]
 [ 0.377  0.654 -0.163 -0.009  0.355  0.654  0.22 ]
 [ 0.377  0.018  0.515 -0.38  -0.343  0.018 -0.477]]
Learning Rate : 5
Distance measure: 1.84
Time taken to converge as per expectation: inf s