
Playing the asymmetric EigenGame (Variant c, adagrad)...
Time taken: 486.12428998947144s
EigenVectors obtained through EigenGame:
[[-0.315 -0.22  -0.244 -0.23   0.347  0.068  0.156 -0.234  0.677 -0.274]
 [-0.316 -0.53  -0.081 -0.129  0.174  0.474 -0.156  0.422 -0.368 -0.046]
 [-0.317  0.127  0.107  0.395  0.38  -0.144  0.642 -0.003 -0.333 -0.174]
 [-0.32   0.444 -0.155 -0.462  0.081 -0.176  0.132  0.46   0.066  0.44 ]
 [-0.315 -0.505 -0.01  -0.033 -0.088 -0.531 -0.058 -0.349 -0.147  0.455]
 [-0.317  0.256  0.471  0.174  0.242  0.428 -0.279 -0.324  0.105  0.384]
 [-0.317  0.076  0.565 -0.335 -0.137 -0.303 -0.231  0.053 -0.077 -0.536]
 [-0.315 -0.073  0.099  0.088 -0.76   0.296  0.413  0.034  0.194  0.049]
 [-0.315  0.349 -0.552 -0.096 -0.177  0.129 -0.202 -0.435 -0.379 -0.218]
 [-0.315  0.067 -0.205  0.633 -0.068 -0.241 -0.419  0.368  0.266 -0.085]]
EigenVectors obtained through numpy:
[[-0.315 -0.224 -0.052 -0.461  0.061 -0.003  0.315  0.005  0.703 -0.198]
 [-0.316 -0.501  0.133 -0.354  0.036  0.426 -0.291  0.247 -0.415 -0.069]
 [-0.317  0.087 -0.088  0.183  0.562 -0.092  0.577  0.182 -0.36  -0.176]
 [-0.32   0.465 -0.044 -0.388 -0.188 -0.256 -0.028  0.423 -0.09   0.49 ]
 [-0.315 -0.5    0.094  0.12  -0.061 -0.529  0.037 -0.407 -0.112  0.405]
 [-0.317  0.323  0.315  0.084  0.378  0.448 -0.154 -0.416  0.176  0.342]
 [-0.317  0.22   0.603  0.102 -0.162 -0.322 -0.218  0.025 -0.004 -0.546]
 [-0.315 -0.066  0.029  0.497 -0.581  0.376  0.342  0.185  0.093  0.103]
 [-0.315  0.25  -0.531 -0.184 -0.28   0.073 -0.038 -0.526 -0.261 -0.303]
 [-0.315 -0.066 -0.464  0.407  0.232 -0.117 -0.54   0.277  0.275 -0.054]]
Learning Rate : 40
Distance measure: 1.308
Time taken to converge as per expectation: inf s