
Playing the asymmetric EigenGame (Variant a, rmsprop)...
Time taken: 181.72570610046387s
EigenVectors obtained through EigenGame:
[[ 0.342 -0.244 -0.558  0.084 -0.281 -0.578 -0.182]
 [ 0.364 -0.257  0.216 -0.342 -0.4    0.48  -0.468]
 [ 0.379  0.234 -0.384 -0.524  0.619  0.207 -0.021]
 [ 0.362  0.385  0.234  0.618  0.2    0.012 -0.4  ]
 [ 0.421 -0.632 -0.014  0.328  0.248  0.402  0.47 ]
 [ 0.361 -0.197  0.662 -0.321  0.249 -0.47   0.173]
 [ 0.41   0.482  0.026 -0.094 -0.462  0.103  0.58 ]]
EigenVectors obtained through numpy:
[[ 0.379 -0.207 -0.574 -0.01  -0.274 -0.381 -0.514]
 [ 0.379 -0.223  0.192 -0.558 -0.161  0.624 -0.21 ]
 [ 0.375  0.268 -0.403 -0.033  0.764  0.185  0.075]
 [ 0.377  0.422  0.193  0.658 -0.258  0.312 -0.214]
 [ 0.38  -0.605 -0.079  0.332 -0.075  0.057  0.603]
 [ 0.377 -0.163  0.654 -0.009  0.355 -0.479 -0.22 ]
 [ 0.377  0.515  0.018 -0.38  -0.343 -0.319  0.477]]
Learning Rate : 0.1
Distance measure: 1.329
Time taken to converge as per expectation: inf s