
Playing the asymmetric EigenGame (Variant c, adagrad)...
Time taken: 198.08905720710754s
EigenVectors obtained through EigenGame:
[[-0.379  0.22  -0.588 -0.178  0.141  0.429  0.477]
 [-0.379  0.222  0.317 -0.149  0.584 -0.537  0.241]
 [-0.375 -0.267 -0.219  0.844  0.07  -0.145 -0.026]
 [-0.377 -0.424 -0.073 -0.333 -0.591 -0.4    0.222]
 [-0.38   0.606 -0.173 -0.041 -0.276 -0.14  -0.6  ]
 [-0.377  0.147  0.684  0.169 -0.285  0.468  0.202]
 [-0.377 -0.512  0.053 -0.305  0.357  0.328 -0.513]]
EigenVectors obtained through numpy:
[[-0.379  0.207 -0.574 -0.274  0.01   0.381  0.514]
 [-0.379  0.223  0.192 -0.161  0.558 -0.624  0.21 ]
 [-0.375 -0.268 -0.403  0.764  0.033 -0.185 -0.075]
 [-0.377 -0.422  0.193 -0.258 -0.658 -0.312  0.214]
 [-0.38   0.605 -0.079 -0.075 -0.332 -0.057 -0.603]
 [-0.377  0.163  0.654  0.355  0.009  0.479  0.22 ]
 [-0.377 -0.515  0.018 -0.343  0.38   0.319 -0.477]]
Learning Rate : 15
Distance measure: 0.581
Time taken to converge as per expectation: inf s