
Playing the asymmetric EigenGame (Variant b, adagrad)...
Time taken: 177.36697506904602s
EigenVectors obtained through EigenGame:
[[-0.379  0.207 -0.57   0.066  0.271  0.366 -0.526]
 [-0.379  0.223  0.116 -0.578  0.166 -0.629 -0.19 ]
 [-0.375 -0.268 -0.404  0.02  -0.763 -0.188  0.081]
 [-0.377 -0.422  0.278  0.627  0.26  -0.317 -0.204]
 [-0.38   0.605 -0.034  0.34   0.076 -0.037  0.605]
 [-0.377  0.163  0.647 -0.095 -0.357  0.469 -0.235]
 [-0.377 -0.515 -0.033 -0.379  0.341  0.337  0.467]]
EigenVectors obtained through numpy:
[[-0.379  0.207 -0.574 -0.01   0.274  0.381 -0.514]
 [-0.379  0.223  0.192 -0.558  0.161 -0.624 -0.21 ]
 [-0.375 -0.268 -0.403 -0.033 -0.764 -0.185  0.075]
 [-0.377 -0.422  0.193  0.658  0.258 -0.312 -0.214]
 [-0.38   0.605 -0.079  0.332  0.075 -0.057  0.603]
 [-0.377  0.163  0.654 -0.009 -0.355  0.479 -0.22 ]
 [-0.377 -0.515  0.018 -0.38   0.343  0.319  0.477]]
Learning Rate : 20
Distance measure: 0.193
Time taken to converge as per expectation: inf s