
Playing the asymmetric EigenGame (Variant a, adagrad)...
Time taken: 163.836079120636s
EigenVectors obtained through EigenGame:
[[-0.379 -0.207  0.569 -0.075  0.28   0.336  0.541]
 [-0.379 -0.223 -0.257 -0.528  0.161 -0.64   0.161]
 [-0.375  0.268  0.396 -0.092 -0.766 -0.169 -0.088]
 [-0.377  0.422 -0.112  0.68   0.244 -0.331  0.189]
 [-0.38  -0.605  0.119  0.322  0.07  -0.011 -0.606]
 [-0.377 -0.163 -0.651  0.064 -0.348  0.465  0.257]
 [-0.377  0.515 -0.063 -0.37   0.352  0.351 -0.452]]
EigenVectors obtained through numpy:
[[-0.379 -0.207  0.574 -0.01   0.274  0.381  0.514]
 [-0.379 -0.223 -0.192 -0.558  0.161 -0.624  0.21 ]
 [-0.375  0.268  0.403 -0.033 -0.764 -0.185 -0.075]
 [-0.377  0.422 -0.193  0.658  0.258 -0.312  0.214]
 [-0.38  -0.605  0.079  0.332  0.075 -0.057 -0.603]
 [-0.377 -0.163 -0.654 -0.009 -0.355  0.479  0.22 ]
 [-0.377  0.515 -0.018 -0.38   0.343  0.319 -0.477]]
Learning Rate : 5
Distance measure: 0.204
Time taken to converge as per expectation: inf s