
Playing the asymmetric EigenGame (Variant c, momentum)...
Time taken: 264.92631101608276s
EigenVectors obtained through EigenGame:
[[-0.507  0.032  0.092 -0.098  0.18   0.726  0.561]
 [-0.389  0.082  0.081 -0.494 -0.737 -0.214 -0.241]
 [-0.334 -0.351 -0.141  0.006 -0.282 -0.149 -0.313]
 [-0.385 -0.518 -0.385 -0.201 -0.34  -0.038 -0.19 ]
 [-0.255  0.571  0.879  0.371 -0.196 -0.266 -0.451]
 [-0.442  0.038  0.207  0.162  0.273  0.575  0.36 ]
 [-0.266 -0.523 -0.042  0.736  0.341 -0.053 -0.4  ]]
EigenVectors obtained through numpy:
[[-0.379  0.207  0.514 -0.381  0.274 -0.01   0.574]
 [-0.379  0.223  0.21   0.624  0.161 -0.558 -0.192]
 [-0.375 -0.268 -0.075  0.185 -0.764 -0.033  0.403]
 [-0.377 -0.422  0.214  0.312  0.258  0.658 -0.193]
 [-0.38   0.605 -0.603  0.057  0.075  0.332  0.079]
 [-0.377  0.163  0.22  -0.479 -0.355 -0.009 -0.654]
 [-0.377 -0.515 -0.477 -0.319  0.343 -0.38  -0.018]]
Learning Rate : 0.01
Distance measure: 3.483
Time taken to converge as per expectation: inf s