
Playing the asymmetric EigenGame (Variant a, adagrad)...
Time taken: 227.58431816101074s
EigenVectors obtained through EigenGame:
[[0.614 0.488 0.277 0.325 0.153 0.196 0.529]
 [0.22  0.153 0.075 0.165 0.076 0.639 0.076]
 [0.319 0.712 0.732 0.523 0.685 0.101 0.341]
 [0.42  0.015 0.401 0.11  0.082 0.6   0.417]
 [0.151 0.29  0.295 0.196 0.232 0.171 0.417]
 [0.43  0.376 0.139 0.32  0.646 0.338 0.257]
 [0.299 0.082 0.337 0.664 0.156 0.199 0.429]]
EigenVectors obtained through numpy:
[[ 0.514  0.574 -0.207  0.01  -0.274 -0.381  0.379]
 [ 0.21  -0.192 -0.223  0.558 -0.161  0.624  0.379]
 [-0.075  0.403  0.268  0.033  0.764  0.185  0.375]
 [ 0.214 -0.193  0.422 -0.658 -0.258  0.312  0.377]
 [-0.603  0.079 -0.605 -0.332 -0.075  0.057  0.38 ]
 [ 0.22  -0.654 -0.163  0.009  0.355 -0.479  0.377]
 [-0.477 -0.018  0.515  0.38  -0.343 -0.319  0.377]]
Learning Rate : 5e-09
Distance measure: 2.848
Time taken to converge as per expectation: inf s