
Playing the asymmetric EigenGame (Variant a, adagrad)...
Time taken: 189.044007062912s
EigenVectors obtained through EigenGame:
[[-0.367  0.19   0.562  0.078 -0.275 -0.389 -0.51 ]
 [-0.374  0.207 -0.256  0.534 -0.151  0.622 -0.22 ]
 [-0.377 -0.284  0.392  0.068  0.767  0.18   0.072]
 [-0.372 -0.438 -0.12  -0.672 -0.264  0.31  -0.218]
 [-0.394  0.589  0.113 -0.32  -0.079  0.067  0.6  ]
 [-0.372  0.147 -0.658 -0.069  0.349 -0.483 -0.212]
 [-0.388 -0.53  -0.065  0.38  -0.34  -0.309  0.483]]
EigenVectors obtained through numpy:
[[-0.379  0.207  0.574  0.01  -0.274 -0.381 -0.514]
 [-0.379  0.223 -0.192  0.558 -0.161  0.624 -0.21 ]
 [-0.375 -0.268  0.403  0.033  0.764  0.185  0.075]
 [-0.377 -0.422 -0.193 -0.658 -0.258  0.312 -0.214]
 [-0.38   0.605  0.079 -0.332 -0.075  0.057  0.603]
 [-0.377  0.163 -0.654  0.009  0.355 -0.479 -0.22 ]
 [-0.377 -0.515 -0.018  0.38  -0.343 -0.319  0.477]]
Learning Rate : 50
Distance measure: 0.171
Time taken to converge as per expectation: inf s