
Playing the asymmetric EigenGame (Variant c, adagrad)...
Time taken: 265.08517575263977s
EigenVectors obtained through EigenGame:
[[ 0.379 -0.113 -0.577  0.133  0.379  0.59   0.074]
 [ 0.379 -0.025  0.31  -0.03  -0.543  0.325  0.596]
 [ 0.375  0.232 -0.175  0.73  -0.114 -0.47   0.059]
 [ 0.377  0.245  0.26  -0.338  0.619 -0.301  0.363]
 [ 0.38  -0.742 -0.189 -0.282 -0.151 -0.409 -0.111]
 [ 0.377 -0.139  0.615  0.239  0.156  0.26  -0.555]
 [ 0.377  0.55  -0.243 -0.445 -0.344  0.001 -0.429]]
EigenVectors obtained through numpy:
[[ 0.379 -0.207 -0.574 -0.274 -0.01   0.514 -0.381]
 [ 0.379 -0.223  0.192 -0.161 -0.558  0.21   0.624]
 [ 0.375  0.268 -0.403  0.764 -0.033 -0.075  0.185]
 [ 0.377  0.422  0.193 -0.258  0.658  0.214  0.312]
 [ 0.38  -0.605 -0.079 -0.075  0.332 -0.603  0.057]
 [ 0.377 -0.163  0.654  0.355 -0.009  0.22  -0.479]
 [ 0.377  0.515  0.018 -0.343 -0.38  -0.477 -0.319]]
Learning Rate : 1
Distance measure: 1.383
Time taken to converge as per expectation: inf s