
Playing the asymmetric EigenGame (Variant a, adagrad)...
Time taken: 185.7478621006012s
EigenVectors obtained through EigenGame:
[[0.501 0.471 0.147 0.04  0.314 0.314 0.09 ]
 [0.121 0.273 0.399 0.429 0.351 0.626 0.348]
 [0.47  0.48  0.45  0.062 0.104 0.266 0.727]
 [0.646 0.358 0.221 0.087 0.549 0.099 0.373]
 [0.134 0.479 0.382 0.296 0.281 0.352 0.428]
 [0.028 0.022 0.624 0.584 0.083 0.177 0.142]
 [0.28  0.341 0.179 0.611 0.616 0.524 0.008]]
EigenVectors obtained through numpy:
[[-0.207  0.379  0.514 -0.574  0.274  0.01  -0.381]
 [-0.223  0.379  0.21   0.192  0.161  0.558  0.624]
 [ 0.268  0.375 -0.075 -0.403 -0.764  0.033  0.185]
 [ 0.422  0.377  0.214  0.193  0.258 -0.658  0.312]
 [-0.605  0.38  -0.603 -0.079  0.075 -0.332  0.057]
 [-0.163  0.377  0.22   0.654 -0.355  0.009 -0.479]
 [ 0.515  0.377 -0.477  0.018  0.343  0.38  -0.319]]
Learning Rate : 1e-07
Distance measure: 2.888
Time taken to converge as per expectation: inf s