
Playing the asymmetric EigenGame (Variant a, momentum)...
Time taken: 188.21532487869263s
EigenVectors obtained through EigenGame:
[[ 0.379 -0.207  0.573  0.026  0.274  0.38   0.515]
 [ 0.379 -0.223 -0.208  0.551  0.163 -0.624  0.209]
 [ 0.375  0.268  0.402  0.047 -0.764 -0.185 -0.076]
 [ 0.377  0.422 -0.173 -0.664  0.256 -0.312  0.213]
 [ 0.38  -0.605  0.089 -0.33   0.074 -0.056 -0.603]
 [ 0.377 -0.163 -0.654 -0.009 -0.355  0.479  0.221]
 [ 0.377  0.515 -0.029  0.378  0.344  0.32  -0.477]]
EigenVectors obtained through numpy:
[[ 0.379 -0.207  0.574  0.01   0.274  0.381  0.514]
 [ 0.379 -0.223 -0.192  0.558  0.161 -0.624  0.21 ]
 [ 0.375  0.268  0.403  0.033 -0.764 -0.185 -0.075]
 [ 0.377  0.422 -0.193 -0.658  0.258 -0.312  0.214]
 [ 0.38  -0.605  0.079 -0.332  0.075 -0.057 -0.603]
 [ 0.377 -0.163 -0.654  0.009 -0.355  0.479  0.22 ]
 [ 0.377  0.515 -0.018  0.38   0.343  0.319 -0.477]]
Learning Rate : 1e-06
Distance measure: 0.042
Time taken to converge as per expectation: inf s