
Playing the asymmetric EigenGame (Variant b, adagrad)...
Time taken: 175.35202503204346s
EigenVectors obtained through EigenGame:
[[0.062 0.039 0.294 0.057 0.799 0.083 0.552]
 [0.42  0.314 0.502 0.412 0.263 0.694 0.32 ]
 [0.057 0.587 0.099 0.1   0.065 0.079 0.227]
 [0.559 0.571 0.442 0.562 0.038 0.55  0.355]
 [0.272 0.256 0.483 0.576 0.301 0.119 0.05 ]
 [0.044 0.274 0.082 0.316 0.311 0.401 0.308]
 [0.654 0.298 0.465 0.264 0.314 0.167 0.564]]
EigenVectors obtained through numpy:
[[ 0.274  0.207  0.514 -0.01   0.381 -0.574  0.379]
 [ 0.161  0.223  0.21  -0.558 -0.624  0.192  0.379]
 [-0.764 -0.268 -0.075 -0.033 -0.185 -0.403  0.375]
 [ 0.258 -0.422  0.214  0.658 -0.312  0.193  0.377]
 [ 0.075  0.605 -0.603  0.332 -0.057 -0.079  0.38 ]
 [-0.355  0.163  0.22  -0.009  0.479  0.654  0.377]
 [ 0.343 -0.515 -0.477 -0.38   0.319  0.018  0.377]]
Learning Rate : 0.0001
Distance measure: 3.202
Time taken to converge as per expectation: inf s