
Playing the asymmetric EigenGame (Variant b, rmsprop)...
Time taken: 259.6897888183594s
EigenVectors obtained through EigenGame:
[[ 0.379 -0.212  0.565 -0.082 -0.232  0.458 -0.472]
 [ 0.379 -0.221 -0.261 -0.532 -0.199 -0.581 -0.282]
 [ 0.375  0.264  0.403 -0.074  0.743 -0.254  0.066]
 [ 0.377  0.424 -0.109  0.673 -0.282 -0.263 -0.252]
 [ 0.38  -0.605  0.113  0.32  -0.099 -0.118  0.592]
 [ 0.377 -0.157 -0.65   0.073  0.4    0.47  -0.159]
 [ 0.377  0.515 -0.061 -0.379 -0.324  0.29   0.505]]
EigenVectors obtained through numpy:
[[ 0.379 -0.207  0.574 -0.01  -0.274  0.381 -0.514]
 [ 0.379 -0.223 -0.192 -0.558 -0.161 -0.624 -0.21 ]
 [ 0.375  0.268  0.403 -0.033  0.764 -0.185  0.075]
 [ 0.377  0.422 -0.193  0.658 -0.258 -0.312 -0.214]
 [ 0.38  -0.605  0.079  0.332 -0.075 -0.057  0.603]
 [ 0.377 -0.163 -0.654 -0.009  0.355  0.479 -0.22 ]
 [ 0.377  0.515 -0.018 -0.38  -0.343  0.319  0.477]]
Learning Rate : 0.0001
Distance measure: 0.263
Time taken to converge as per expectation: inf s