
Playing the asymmetric EigenGame (Variant a, adagrad)...
Time taken: 190.0915491580963s
EigenVectors obtained through EigenGame:
[[-0.37  -0.223  0.569  0.013 -0.271  0.401 -0.501]
 [-0.376 -0.239 -0.171 -0.565 -0.163 -0.615 -0.231]
 [-0.376  0.253  0.399 -0.015  0.764 -0.19   0.068]
 [-0.374  0.406 -0.224  0.649 -0.261 -0.303 -0.226]
 [-0.391 -0.619  0.061  0.335 -0.076 -0.078  0.602]
 [-0.373 -0.178 -0.659 -0.035  0.356  0.483 -0.203]
 [-0.386  0.499 -0.007 -0.381 -0.341  0.304  0.487]]
EigenVectors obtained through numpy:
[[-0.379 -0.207  0.574 -0.01  -0.274  0.381 -0.514]
 [-0.379 -0.223 -0.192 -0.558 -0.161 -0.624 -0.21 ]
 [-0.375  0.268  0.403 -0.033  0.764 -0.185  0.075]
 [-0.377  0.422 -0.193  0.658 -0.258 -0.312 -0.214]
 [-0.38  -0.605  0.079  0.332 -0.075 -0.057  0.603]
 [-0.377 -0.163 -0.654 -0.009  0.355  0.479 -0.22 ]
 [-0.377  0.515 -0.018 -0.38  -0.343  0.319  0.477]]
Learning Rate : 50
Distance measure: 0.09
Time taken to converge as per expectation: inf s