
Playing the asymmetric EigenGame (Variant c, adagrad)...
Time taken: 268.46824312210083s
EigenVectors obtained through EigenGame:
[[ 0.379 -0.626 -0.055  0.235 -0.104  0.16   0.607]
 [ 0.379  0.202 -0.589  0.039 -0.084  0.618 -0.274]
 [ 0.375  0.239  0.288  0.191 -0.797 -0.197 -0.122]
 [ 0.377 -0.064  0.663 -0.411  0.226  0.412 -0.147]
 [ 0.38  -0.244  0.031  0.493  0.395 -0.342 -0.523]
 [ 0.377  0.65   0.022  0.139  0.374 -0.166  0.495]
 [ 0.377 -0.152 -0.355 -0.689 -0.018 -0.489 -0.034]]
EigenVectors obtained through numpy:
[[ 0.379 -0.574 -0.01   0.207  0.274  0.514  0.381]
 [ 0.379  0.192 -0.558  0.223  0.161  0.21  -0.624]
 [ 0.375 -0.403 -0.033 -0.268 -0.764 -0.075 -0.185]
 [ 0.377  0.193  0.658 -0.422  0.258  0.214 -0.312]
 [ 0.38  -0.079  0.332  0.605  0.075 -0.603 -0.057]
 [ 0.377  0.654 -0.009  0.163 -0.355  0.22   0.479]
 [ 0.377  0.018 -0.38  -0.515  0.343 -0.477  0.319]]
Learning Rate : 1
Distance measure: 1.762
Time taken to converge as per expectation: inf s