
Playing the asymmetric EigenGame (Variant a, rmsprop)...
Time taken: 188.5006968975067s
EigenVectors obtained through EigenGame:
[[ 0.397 -0.192  0.585 -0.039  0.25   0.368  0.519]
 [ 0.386 -0.209 -0.192 -0.56   0.176 -0.624  0.147]
 [ 0.372  0.281  0.416 -0.078 -0.773 -0.175 -0.095]
 [ 0.385  0.436 -0.149  0.655  0.236 -0.31   0.157]
 [ 0.359 -0.592  0.099  0.306  0.044 -0.002 -0.632]
 [ 0.385 -0.149 -0.645 -0.013 -0.384  0.455  0.241]
 [ 0.361  0.527 -0.02  -0.394  0.321  0.376 -0.467]]
EigenVectors obtained through numpy:
[[ 0.379 -0.207  0.574 -0.01   0.274  0.381  0.514]
 [ 0.379 -0.223 -0.192 -0.558  0.161 -0.624  0.21 ]
 [ 0.375  0.268  0.403 -0.033 -0.764 -0.185 -0.075]
 [ 0.377  0.422 -0.193  0.658  0.258 -0.312  0.214]
 [ 0.38  -0.605  0.079  0.332  0.075 -0.057 -0.603]
 [ 0.377 -0.163 -0.654 -0.009 -0.355  0.479  0.22 ]
 [ 0.377  0.515 -0.018 -0.38   0.343  0.319 -0.477]]
Learning Rate : 0.05
Distance measure: 0.17
Time taken to converge as per expectation: inf s