
Playing the asymmetric EigenGame (Variant a, rmsprop)...
Time taken: 185.70473289489746s
EigenVectors obtained through EigenGame:
[[-0.576  0.118 -0.053  0.273 -0.397 -0.359 -0.548]
 [-0.433  0.023 -0.222 -0.404 -0.646 -0.097  0.341]
 [-0.296 -0.44  -0.111  0.081  0.103  0.347 -0.088]
 [-0.434 -0.454  0.165 -0.302  0.144 -0.72   0.019]
 [-0.052  0.02  -0.918 -0.127 -0.001 -0.408 -0.169]
 [-0.436 -0.017 -0.163 -0.775 -0.05   0.006 -0.609]
 [-0.108 -0.766 -0.197 -0.218 -0.625 -0.236 -0.42 ]]
EigenVectors obtained through numpy:
[[-0.379  0.207  0.514  0.574 -0.01  -0.274 -0.381]
 [-0.379  0.223  0.21  -0.192 -0.558 -0.161  0.624]
 [-0.375 -0.268 -0.075  0.403 -0.033  0.764  0.185]
 [-0.377 -0.422  0.214 -0.193  0.658 -0.258  0.312]
 [-0.38   0.605 -0.603  0.079  0.332 -0.075  0.057]
 [-0.377  0.163  0.22  -0.654 -0.009  0.355 -0.479]
 [-0.377 -0.515 -0.477 -0.018 -0.38  -0.343 -0.319]]
Learning Rate : 1
Distance measure: 1.881
Time taken to converge as per expectation: inf s