
Playing the asymmetric EigenGame (Variant c)...
EigenVectors obtained through EigenGame:
[[ 0.448 -0.601  0.381  0.48   0.244]
 [ 0.449  0.671 -0.094  0.569 -0.138]
 [ 0.443 -0.355 -0.45  -0.165 -0.668]
 [ 0.447  0.244  0.638 -0.563 -0.12 ]
 [ 0.449  0.046 -0.487 -0.318  0.679]]
EigenVectors obtained through numpy:
[[ 0.448 -0.603  0.382  0.48   0.243]
 [ 0.449  0.669 -0.094  0.568 -0.14 ]
 [ 0.443 -0.357 -0.447 -0.168 -0.67 ]
 [ 0.447  0.242  0.641 -0.563 -0.121]
 [ 0.449  0.044 -0.484 -0.321  0.677]]
Learning Rate : 0.005
Distance measure: 0.008