
Playing the asymmetric EigenGame (Variant c, adagrad)...
Time taken: 189.1766448020935s
EigenVectors obtained through EigenGame:
[[-0.379  0.216 -0.57   0.006 -0.264 -0.398  0.506]
 [-0.379  0.22   0.166  0.58  -0.131  0.615  0.219]
 [-0.375 -0.262 -0.41  -0.059  0.754  0.213 -0.068]
 [-0.377 -0.425  0.221 -0.62  -0.328  0.298  0.217]
 [-0.38   0.606 -0.053 -0.327 -0.105  0.064 -0.603]
 [-0.377  0.153  0.654  0.008  0.374 -0.47   0.215]
 [-0.377 -0.515 -0.008  0.41  -0.292 -0.323 -0.484]]
EigenVectors obtained through numpy:
[[-0.379  0.207 -0.574  0.01  -0.274 -0.381  0.514]
 [-0.379  0.223  0.192  0.558 -0.161  0.624  0.21 ]
 [-0.375 -0.268 -0.403  0.033  0.764  0.185 -0.075]
 [-0.377 -0.422  0.193 -0.658 -0.258  0.312  0.214]
 [-0.38   0.605 -0.079 -0.332 -0.075  0.057 -0.603]
 [-0.377  0.163  0.654  0.009  0.355 -0.479  0.22 ]
 [-0.377 -0.515  0.018  0.38  -0.343 -0.319 -0.477]]
Learning Rate : 40
Distance measure: 0.162
Time taken to converge as per expectation: inf s