
Playing the asymmetric EigenGame (Variant a, adagrad)...
Time taken: 190.0158040523529s
EigenVectors obtained through EigenGame:
[[-0.383  0.198  0.575  0.    -0.274 -0.409 -0.492]
 [-0.381  0.214 -0.181  0.561 -0.161  0.611 -0.243]
 [-0.374 -0.277  0.405  0.027  0.764  0.188  0.065]
 [-0.379 -0.43  -0.203 -0.655 -0.257  0.3   -0.23 ]
 [-0.375  0.596  0.074 -0.334 -0.075  0.091  0.6  ]
 [-0.379  0.154 -0.653  0.021  0.354 -0.491 -0.193]
 [-0.373 -0.524 -0.011  0.38  -0.344 -0.292  0.494]]
EigenVectors obtained through numpy:
[[-0.379  0.207  0.574  0.01  -0.274 -0.381 -0.514]
 [-0.379  0.223 -0.192  0.558 -0.161  0.624 -0.21 ]
 [-0.375 -0.268  0.403  0.033  0.764  0.185  0.075]
 [-0.377 -0.422 -0.193 -0.658 -0.258  0.312 -0.214]
 [-0.38   0.605  0.079 -0.332 -0.075  0.057  0.603]
 [-0.377  0.163 -0.654  0.009  0.355 -0.479 -0.22 ]
 [-0.377 -0.515 -0.018  0.38  -0.343 -0.319  0.477]]
Learning Rate : 45
Distance measure: 0.085
Time taken to converge as per expectation: inf s