
Playing the asymmetric EigenGame (Variant c)...
Time taken: 91.97007894515991s
EigenVectors obtained through EigenGame:
[[-0.448  0.622  0.349 -0.481  0.243]
 [-0.449 -0.673 -0.062 -0.567 -0.14 ]
 [-0.443  0.334 -0.464  0.169 -0.67 ]
 [-0.447 -0.209  0.655  0.56  -0.121]
 [-0.449 -0.069 -0.48   0.323  0.677]]
EigenVectors obtained through numpy:
[[-0.448  0.603  0.382 -0.48   0.243]
 [-0.449 -0.669 -0.094 -0.568 -0.14 ]
 [-0.443  0.357 -0.447  0.168 -0.67 ]
 [-0.447 -0.242  0.641  0.563 -0.121]
 [-0.449 -0.044 -0.484  0.321  0.677]]
Learning Rate : 20
Distance measure: 0.073
Time taken to converge as per expectation: inf s