
Playing the asymmetric EigenGame (Variant a, vanilla)...
Time taken: 98.97486090660095s
EigenVectors obtained through EigenGame:
[[ 0.448  0.642  0.208  0.487 -0.324]
 [ 0.449 -0.712 -0.043  0.539 -0.001]
 [ 0.443  0.254 -0.486 -0.064  0.705]
 [ 0.447 -0.098  0.737 -0.446  0.221]
 [ 0.449 -0.081 -0.419 -0.519 -0.591]]
EigenVectors obtained through numpy:
[[ 0.448  0.603  0.382  0.48  -0.243]
 [ 0.449 -0.669 -0.094  0.568  0.14 ]
 [ 0.443  0.357 -0.447 -0.168  0.67 ]
 [ 0.447 -0.242  0.641 -0.563  0.121]
 [ 0.449 -0.044 -0.484 -0.321 -0.677]]
Learning Rate : 1e-06
Distance measure: 0.44
Time taken to converge as per expectation: inf s