
Playing the asymmetric EigenGame (Variant b, rmsprop)...
Time taken: 342.8381361961365s
EigenVectors obtained through EigenGame:
[[ 0.379 -0.207 -0.574  0.006 -0.242  0.331  0.543]
 [ 0.379 -0.223  0.187  0.56  -0.124 -0.623  0.084]
 [ 0.375  0.268 -0.404  0.027  0.795 -0.034  0.015]
 [ 0.377  0.422  0.198 -0.655 -0.225 -0.332  0.129]
 [ 0.38  -0.605 -0.076 -0.333 -0.042 -0.009 -0.595]
 [ 0.377 -0.163  0.654  0.014  0.384  0.541  0.363]
 [ 0.377  0.515  0.015  0.381 -0.308  0.313 -0.443]]
EigenVectors obtained through numpy:
[[ 0.379 -0.207 -0.574  0.01  -0.274  0.381  0.514]
 [ 0.379 -0.223  0.192  0.558 -0.161 -0.624  0.21 ]
 [ 0.375  0.268 -0.403  0.033  0.764 -0.185 -0.075]
 [ 0.377  0.422  0.193 -0.658 -0.258 -0.312  0.214]
 [ 0.38  -0.605 -0.079 -0.332 -0.075 -0.057 -0.603]
 [ 0.377 -0.163  0.654  0.009  0.355  0.479  0.22 ]
 [ 0.377  0.515  0.018  0.38  -0.343  0.319 -0.477]]
Learning Rate : 0.1
Distance measure: 0.305
Time taken to converge as per expectation: inf s