
Playing the asymmetric EigenGame (Variant b, rmsprop)...
Time taken: 268.9199857711792s
EigenVectors obtained through EigenGame:
[[ 0.379  0.204  0.041 -0.571 -0.275 -0.411  0.493]
 [ 0.379  0.221 -0.571  0.143 -0.163  0.609  0.246]
 [ 0.375 -0.271  0.004 -0.403  0.762  0.188 -0.064]
 [ 0.377 -0.425  0.64   0.251 -0.26   0.297  0.233]
 [ 0.38   0.602  0.339 -0.049 -0.077  0.09  -0.598]
 [ 0.377  0.16  -0.064  0.652  0.353 -0.493  0.194]
 [ 0.377 -0.517 -0.379 -0.014 -0.345 -0.293 -0.493]]
EigenVectors obtained through numpy:
[[ 0.379  0.207 -0.01  -0.574 -0.274 -0.381  0.514]
 [ 0.379  0.223 -0.558  0.192 -0.161  0.624  0.21 ]
 [ 0.375 -0.268 -0.033 -0.403  0.764  0.185 -0.075]
 [ 0.377 -0.422  0.658  0.193 -0.258  0.312  0.214]
 [ 0.38   0.605  0.332 -0.079 -0.075  0.057 -0.603]
 [ 0.377  0.163 -0.009  0.654  0.355 -0.479  0.22 ]
 [ 0.377 -0.515 -0.38   0.018 -0.343 -0.319 -0.477]]
Learning Rate : 0.005
Distance measure: 0.148
Time taken to converge as per expectation: inf s