
Playing the asymmetric EigenGame (Variant c)...
EigenVectors obtained through EigenGame:
[[ 0.448 -0.423  0.55  -0.543  0.15 ]
 [ 0.449  0.202 -0.681 -0.519 -0.156]
 [ 0.443  0.388  0.368  0.253 -0.674]
 [ 0.447 -0.638 -0.304  0.549 -0.036]
 [ 0.449  0.472  0.073  0.266  0.706]]
EigenVectors obtained through numpy:
[[ 0.448 -0.382  0.603 -0.48   0.243]
 [ 0.449  0.094 -0.669 -0.568 -0.14 ]
 [ 0.443  0.447  0.357  0.168 -0.67 ]
 [ 0.447 -0.641 -0.242  0.563 -0.121]
 [ 0.449  0.484 -0.044  0.321  0.677]]
Learning Rate : 0.5
Distance measure: 0.267