
Playing the asymmetric EigenGame (Variant a, rmsprop)...
Time taken: 82.48806095123291s
EigenVectors obtained through EigenGame:
[[ 0.448 -0.627 -0.34  -0.479  0.243]
 [ 0.449  0.407  0.537 -0.568 -0.139]
 [ 0.443  0.218 -0.53   0.168 -0.67 ]
 [ 0.447 -0.443  0.526  0.562 -0.121]
 [ 0.449  0.445 -0.198  0.322  0.677]]
EigenVectors obtained through numpy:
[[ 0.448 -0.382 -0.603 -0.48   0.243]
 [ 0.449  0.094  0.669 -0.568 -0.14 ]
 [ 0.443  0.447 -0.357  0.168 -0.67 ]
 [ 0.447 -0.641  0.242  0.563 -0.121]
 [ 0.449  0.484  0.044  0.321  0.677]]
Learning Rate : 0.0001
Distance measure: 0.712
Time taken to converge as per expectation: inf s