
Playing the asymmetric EigenGame (Variant c)...
Time taken: 85.68589186668396s
EigenVectors obtained through EigenGame:
[[ 0.448  0.58   0.414  0.485  0.237]
 [ 0.449 -0.663 -0.135  0.565 -0.146]
 [ 0.443  0.383 -0.425 -0.177 -0.668]
 [ 0.447 -0.279  0.629 -0.561 -0.115]
 [ 0.449 -0.016 -0.484 -0.316  0.681]]
EigenVectors obtained through numpy:
[[ 0.448  0.603  0.382  0.48   0.243]
 [ 0.449 -0.669 -0.094  0.568 -0.14 ]
 [ 0.443  0.357 -0.447 -0.168 -0.67 ]
 [ 0.447 -0.242  0.641 -0.563 -0.121]
 [ 0.449 -0.044 -0.484 -0.321  0.677]]
Learning Rate : 5e-07
Distance measure: 0.084
Time taken to converge as per expectation: inf s