
Playing the asymmetric EigenGame (Variant c, adagrad)...
Time taken: 265.7184228897095s
EigenVectors obtained through EigenGame:
[[ 0.305  0.342 -0.207 -0.496  0.419 -0.535  0.206]
 [ 0.431  0.594 -0.267  0.366 -0.431  0.109 -0.628]
 [ 0.23   0.184  0.43   0.244 -0.481 -0.246  0.088]
 [ 0.401 -0.052  0.741  0.246  0.21   0.355  0.16 ]
 [ 0.552 -0.41  -0.22  -0.653 -0.371  0.431  0.532]
 [ 0.338 -0.262 -0.284 -0.023  0.367 -0.468 -0.481]
 [ 0.299  0.507 -0.154  0.271  0.301  0.332  0.124]]
EigenVectors obtained through numpy:
[[ 0.379  0.01   0.514 -0.207  0.381  0.274  0.574]
 [ 0.379  0.558  0.21  -0.223 -0.624  0.161 -0.192]
 [ 0.375  0.033 -0.075  0.268 -0.185 -0.764  0.403]
 [ 0.377 -0.658  0.214  0.422 -0.312  0.258 -0.193]
 [ 0.38  -0.332 -0.603 -0.605 -0.057  0.075  0.079]
 [ 0.377  0.009  0.22  -0.163  0.479 -0.355 -0.654]
 [ 0.377  0.38  -0.477  0.515  0.319  0.343 -0.018]]
Learning Rate : 0.01
Distance measure: 2.32
Time taken to converge as per expectation: inf s