
Playing the asymmetric EigenGame (Variant a, rmsprop)...
Time taken: 85.7113630771637s
EigenVectors obtained through EigenGame:
[[ 0.448  0.642  0.225  0.503  0.288]
 [ 0.449 -0.674 -0.118  0.567 -0.096]
 [ 0.443  0.307 -0.435 -0.191 -0.695]
 [ 0.447 -0.173  0.752 -0.431 -0.144]
 [ 0.449 -0.097 -0.426 -0.451  0.636]]
EigenVectors obtained through numpy:
[[ 0.448  0.603  0.382  0.48   0.243]
 [ 0.449 -0.669 -0.094  0.568 -0.14 ]
 [ 0.443  0.357 -0.447 -0.168 -0.67 ]
 [ 0.447 -0.242  0.641 -0.563 -0.121]
 [ 0.449 -0.044 -0.484 -0.321  0.677]]
Learning Rate : 5e-05
Distance measure: 0.308
Time taken to converge as per expectation: inf s