
Playing the asymmetric EigenGame (Variant a, rmsprop)...
Time taken: 172.5899670124054s
EigenVectors obtained through EigenGame:
[[ 0.379  0.207 -0.574 -0.015  0.275  0.344 -0.539]
 [ 0.379  0.223  0.202 -0.551  0.172 -0.637 -0.167]
 [ 0.375 -0.268 -0.403 -0.055 -0.763 -0.18   0.087]
 [ 0.377 -0.422  0.18   0.666  0.245 -0.326 -0.192]
 [ 0.381  0.605 -0.086  0.333  0.069 -0.016  0.605]
 [ 0.377  0.163  0.654 -0.004 -0.354  0.463 -0.253]
 [ 0.378 -0.515  0.025 -0.373  0.35   0.351  0.454]]
EigenVectors obtained through numpy:
[[ 0.379  0.207 -0.574 -0.01   0.274  0.381 -0.514]
 [ 0.379  0.223  0.192 -0.558  0.161 -0.624 -0.21 ]
 [ 0.375 -0.268 -0.403 -0.033 -0.764 -0.185  0.075]
 [ 0.377 -0.422  0.193  0.658  0.258 -0.312 -0.214]
 [ 0.38   0.605 -0.079  0.332  0.075 -0.057  0.603]
 [ 0.377  0.163  0.654 -0.009 -0.355  0.479 -0.22 ]
 [ 0.377 -0.515  0.018 -0.38   0.343  0.319  0.477]]
Learning Rate : 0.001
Distance measure: 0.104
Time taken to converge as per expectation: inf s