
Playing the asymmetric EigenGame (Variant b, rmsprop)...
[34m[1mwandb[39m[22m: Network error resolved after 0:00:18.599321, resuming normal operation.
Time taken: 26701.043239831924s
EigenVectors obtained through EigenGame:
[[ 0.379  0.207 -0.574  0.014  0.262  0.326 -0.553]
 [ 0.379  0.223  0.193  0.559  0.168 -0.648 -0.132]
 [ 0.375 -0.268 -0.403  0.036 -0.758 -0.191  0.085]
 [ 0.377 -0.422  0.191 -0.656  0.263 -0.318 -0.171]
 [ 0.38   0.605 -0.08  -0.33   0.088  0.018  0.607]
 [ 0.377  0.163  0.654  0.009 -0.363  0.444 -0.282]
 [ 0.377 -0.515  0.019  0.382  0.346  0.372  0.439]]
EigenVectors obtained through numpy:
[[ 0.379  0.207 -0.574  0.01   0.274  0.381 -0.514]
 [ 0.379  0.223  0.192  0.558  0.161 -0.624 -0.21 ]
 [ 0.375 -0.268 -0.403  0.033 -0.764 -0.185  0.075]
 [ 0.377 -0.422  0.193 -0.658  0.258 -0.312 -0.214]
 [ 0.38   0.605 -0.079 -0.332  0.075 -0.057  0.603]
 [ 0.377  0.163  0.654  0.009 -0.355  0.479 -0.22 ]
 [ 0.377 -0.515  0.018  0.38   0.343  0.319  0.477]]
Learning Rate : 0.1
Distance measure: 0.17
Time taken to converge as per expectation: inf s