
Playing the asymmetric EigenGame (Variant a, rmsprop)...
Time taken: 191.04527592658997s
EigenVectors obtained through EigenGame:
[[ 0.576 -0.188  0.552 -0.256 -0.721  0.298 -0.203]
 [ 0.433 -0.307  0.423 -0.595  0.059 -0.499 -0.253]
 [ 0.296 -0.039 -0.119 -0.324 -0.49  -0.563  0.421]
 [ 0.434  0.176  0.053  0.347 -0.182 -0.545 -0.582]
 [ 0.052 -0.878  0.17   0.105 -0.283 -0.209 -0.222]
 [ 0.436 -0.258  0.46  -0.223  0.308 -0.041 -0.083]
 [ 0.108  0.003 -0.509 -0.543 -0.17   0.056 -0.568]]
EigenVectors obtained through numpy:
[[ 0.379 -0.207  0.514 -0.01  -0.574  0.381 -0.274]
 [ 0.379 -0.223  0.21  -0.558  0.192 -0.624 -0.161]
 [ 0.375  0.268 -0.075 -0.033 -0.403 -0.185  0.764]
 [ 0.377  0.422  0.214  0.658  0.193 -0.312 -0.258]
 [ 0.38  -0.605 -0.603  0.332 -0.079 -0.057 -0.075]
 [ 0.377 -0.163  0.22  -0.009  0.654  0.479  0.355]
 [ 0.377  0.515 -0.477 -0.38   0.018  0.319 -0.343]]
Learning Rate : 1
Distance measure: 1.818
Time taken to converge as per expectation: inf s