
Playing the asymmetric EigenGame (Variant c, adagrad)...
Time taken: 406.1603310108185s
EigenVectors obtained through EigenGame:
[[-0.315  0.147  0.284  0.346 -0.158  0.436 -0.094  0.533  0.415 -0.006]
 [-0.316  0.402  0.591  0.097  0.095 -0.152 -0.248 -0.335 -0.303  0.278]
 [-0.317 -0.003 -0.327 -0.219  0.076  0.617  0.044 -0.444  0.137  0.373]
 [-0.32  -0.403 -0.146  0.466 -0.164 -0.242 -0.353 -0.41   0.246 -0.245]
 [-0.315  0.597 -0.325  0.165  0.028 -0.065  0.392 -0.109 -0.072 -0.487]
 [-0.317 -0.397  0.255 -0.219  0.446  0.27  -0.004  0.078 -0.314 -0.504]
 [-0.317 -0.154 -0.24   0.268  0.544 -0.326  0.213  0.303 -0.025  0.452]
 [-0.315 -0.06   0.26  -0.547 -0.085 -0.372  0.271 -0.053  0.552 -0.023]
 [-0.315 -0.289  0.032  0.034 -0.639 -0.005  0.396  0.106 -0.466  0.165]
 [-0.315  0.17  -0.38  -0.399 -0.148 -0.159 -0.611  0.339 -0.171 -0.004]]
EigenVectors obtained through numpy:
[[-0.315  0.224 -0.003  0.461 -0.052  0.061 -0.005  0.703  0.315  0.198]
 [-0.316  0.501  0.426  0.354  0.133  0.036 -0.247 -0.415 -0.291  0.069]
 [-0.317 -0.087 -0.092 -0.183 -0.088  0.562 -0.182 -0.36   0.577  0.176]
 [-0.32  -0.465 -0.256  0.388 -0.044 -0.188 -0.423 -0.09  -0.028 -0.49 ]
 [-0.315  0.5   -0.529 -0.12   0.094 -0.061  0.407 -0.112  0.037 -0.405]
 [-0.317 -0.323  0.448 -0.084  0.315  0.378  0.416  0.176 -0.154 -0.342]
 [-0.317 -0.22  -0.322 -0.102  0.603 -0.162 -0.025 -0.004 -0.218  0.546]
 [-0.315  0.066  0.376 -0.497  0.029 -0.581 -0.185  0.093  0.342 -0.103]
 [-0.315 -0.25   0.073  0.184 -0.531 -0.28   0.526 -0.261 -0.038  0.303]
 [-0.315  0.066 -0.117 -0.407 -0.464  0.232 -0.277  0.275 -0.54   0.054]]
Learning Rate : 35
Distance measure: 1.865
Time taken to converge as per expectation: inf s