
Playing the asymmetric EigenGame (Variant c)...
Time taken: 371.99907207489014s
EigenVectors obtained through EigenGame:
[[ 0.315 -0.228 -0.451 -0.066  0.076  0.084  0.555  0.529 -0.057  0.198]
 [ 0.316 -0.505 -0.231 -0.207  0.477 -0.013 -0.273 -0.459 -0.179  0.075]
 [ 0.317  0.089  0.134  0.125 -0.091  0.586 -0.515  0.339 -0.301  0.184]
 [ 0.32   0.462 -0.427 -0.06  -0.198 -0.179 -0.033 -0.14  -0.423 -0.478]
 [ 0.315 -0.499  0.056 -0.073 -0.549 -0.033 -0.152  0.077  0.373 -0.415]
 [ 0.317  0.324  0.229 -0.276  0.447  0.345  0.171 -0.005  0.438 -0.355]
 [ 0.317  0.222  0.194 -0.565 -0.351 -0.154  0.075 -0.2    0.038  0.545]
 [ 0.315 -0.061  0.543  0.111  0.253 -0.578 -0.008  0.334 -0.267 -0.095]
 [ 0.315  0.248 -0.299  0.471  0.092 -0.292 -0.279 -0.004  0.522  0.29 ]
 [ 0.315 -0.063  0.255  0.546 -0.153  0.231  0.464 -0.467 -0.138  0.057]]
EigenVectors obtained through numpy:
[[ 0.315 -0.224 -0.461  0.052 -0.003  0.061  0.703  0.315 -0.005  0.198]
 [ 0.316 -0.501 -0.354 -0.133  0.426  0.036 -0.415 -0.291 -0.247  0.069]
 [ 0.317  0.087  0.183  0.088 -0.092  0.562 -0.36   0.577 -0.182  0.176]
 [ 0.32   0.465 -0.388  0.044 -0.256 -0.188 -0.09  -0.028 -0.423 -0.49 ]
 [ 0.315 -0.5    0.12  -0.094 -0.529 -0.061 -0.112  0.037  0.407 -0.405]
 [ 0.317  0.323  0.084 -0.315  0.448  0.378  0.176 -0.154  0.416 -0.342]
 [ 0.317  0.22   0.102 -0.603 -0.322 -0.162 -0.004 -0.218 -0.025  0.546]
 [ 0.315 -0.066  0.497 -0.029  0.376 -0.581  0.093  0.342 -0.185 -0.103]
 [ 0.315  0.25  -0.184  0.531  0.073 -0.28  -0.261 -0.038  0.526  0.303]
 [ 0.315 -0.066  0.407  0.464 -0.117  0.232  0.275 -0.54  -0.277  0.054]]
Learning Rate : 5e-07
Distance measure: 0.737
Time taken to converge as per expectation: inf s