
Playing the asymmetric EigenGame (Variant a, adagrad)...
Time taken: 181.8659110069275s
EigenVectors obtained through EigenGame:
[[-0.379  0.208  0.548  0.162  0.278  0.398  0.501]
 [-0.38   0.224 -0.015 -0.59   0.16  -0.616  0.23 ]
 [-0.375 -0.267  0.4    0.092 -0.761 -0.187 -0.069]
 [-0.378 -0.421 -0.385  0.569  0.256 -0.304  0.224]
 [-0.38   0.605 -0.026  0.341  0.076 -0.078 -0.601]
 [-0.377  0.164 -0.618 -0.204 -0.359  0.486  0.204]
 [-0.377 -0.514  0.096 -0.369  0.343  0.303 -0.488]]
EigenVectors obtained through numpy:
[[-0.379  0.207  0.574 -0.01   0.274  0.381  0.514]
 [-0.379  0.223 -0.192 -0.558  0.161 -0.624  0.21 ]
 [-0.375 -0.268  0.403 -0.033 -0.764 -0.185 -0.075]
 [-0.377 -0.422 -0.193  0.658  0.258 -0.312  0.214]
 [-0.38   0.605  0.079  0.332  0.075 -0.057 -0.603]
 [-0.377  0.163 -0.654 -0.009 -0.355  0.479  0.22 ]
 [-0.377 -0.515 -0.018 -0.38   0.343  0.319 -0.477]]
Learning Rate : 35
Distance measure: 0.435
Time taken to converge as per expectation: inf s