
Playing the asymmetric EigenGame (Variant a, adagrad)...
Time taken: 190.77813911437988s
EigenVectors obtained through EigenGame:
[[ 0.379 -0.573 -0.275  0.045 -0.4   -0.193 -0.512]
 [ 0.379 -0.161  0.518  0.414  0.583 -0.107 -0.199]
 [ 0.375  0.15  -0.21  -0.746  0.446 -0.093 -0.146]
 [ 0.377  0.561 -0.381  0.388 -0.023  0.434 -0.246]
 [ 0.38  -0.332 -0.379  0.153  0.142  0.065  0.738]
 [ 0.377 -0.076  0.536 -0.306 -0.384  0.557  0.121]
 [ 0.377  0.438  0.191  0.044 -0.365 -0.663  0.24 ]]
EigenVectors obtained through numpy:
[[ 0.379 -0.207  0.01   0.274 -0.381 -0.574 -0.514]
 [ 0.379 -0.223  0.558  0.161  0.624  0.192 -0.21 ]
 [ 0.375  0.268  0.033 -0.764  0.185 -0.403  0.075]
 [ 0.377  0.422 -0.658  0.258  0.312  0.193 -0.214]
 [ 0.38  -0.605 -0.332  0.075  0.057 -0.079  0.603]
 [ 0.377 -0.163  0.009 -0.355 -0.479  0.654 -0.22 ]
 [ 0.377  0.515  0.38   0.343 -0.319  0.018  0.477]]
Learning Rate : 0.1
Distance measure: 1.533
Time taken to converge as per expectation: inf s