
Playing the asymmetric EigenGame (Variant a, rmsprop)...
Time taken: 176.14916825294495s
EigenVectors obtained through EigenGame:
[[ 0.379  0.207 -0.53   0.214 -0.258 -0.376 -0.527]
 [ 0.379  0.223  0.38   0.451 -0.197  0.621 -0.186]
 [ 0.375 -0.268 -0.367  0.18   0.751  0.223  0.081]
 [ 0.377 -0.422 -0.056 -0.685 -0.272  0.306 -0.202]
 [ 0.38   0.605 -0.193 -0.282 -0.075  0.03   0.605]
 [ 0.377  0.163  0.612 -0.224  0.383 -0.451 -0.239]
 [ 0.377 -0.515  0.155  0.347 -0.324 -0.355  0.466]]
EigenVectors obtained through numpy:
[[ 0.379  0.207 -0.574  0.01  -0.274 -0.381 -0.514]
 [ 0.379  0.223  0.192  0.558 -0.161  0.624 -0.21 ]
 [ 0.375 -0.268 -0.403  0.033  0.764  0.185  0.075]
 [ 0.377 -0.422  0.193 -0.658 -0.258  0.312 -0.214]
 [ 0.38   0.605 -0.079 -0.332 -0.075  0.057  0.603]
 [ 0.377  0.163  0.654  0.009  0.355 -0.479 -0.22 ]
 [ 0.377 -0.515  0.018  0.38  -0.343 -0.319  0.477]]
Learning Rate : 0.0001
Distance measure: 0.525
Time taken to converge as per expectation: inf s