
Playing the asymmetric EigenGame (Variant a, momentum)...
Time taken: 77.92177510261536s
EigenVectors obtained through EigenGame:
[[ 0.448  0.697 -0.159  0.479 -0.243]
 [ 0.449 -0.661 -0.129  0.57   0.139]
 [ 0.443  0.188  0.539 -0.171  0.67 ]
 [ 0.447 -0.016 -0.688 -0.558  0.121]
 [ 0.449 -0.204  0.441 -0.324 -0.677]]
EigenVectors obtained through numpy:
[[ 0.448  0.603 -0.382  0.48  -0.243]
 [ 0.449 -0.669  0.094  0.568  0.14 ]
 [ 0.443  0.357  0.447 -0.168  0.67 ]
 [ 0.447 -0.242 -0.641 -0.563  0.121]
 [ 0.449 -0.044  0.484 -0.321 -0.677]]
Learning Rate : 5e-07
Distance measure: 0.475
Time taken to converge as per expectation: inf s