
Playing the asymmetric EigenGame (Variant c, adagrad)...
Time taken: 396.45921301841736s
EigenVectors obtained through EigenGame:
[[-0.315  0.168  0.101 -0.255  0.378 -0.235  0.224  0.291  0.203 -0.65 ]
 [-0.316  0.448  0.406 -0.29   0.057 -0.31   0.123 -0.214 -0.024  0.534]
 [-0.317 -0.172  0.17   0.012  0.349  0.396 -0.012  0.41  -0.601  0.177]
 [-0.32  -0.457 -0.28   0.058  0.241 -0.429 -0.02  -0.519 -0.302 -0.061]
 [-0.315  0.531 -0.268  0.395  0.232  0.413 -0.162 -0.357  0.086 -0.105]
 [-0.317 -0.386  0.549 -0.08  -0.122  0.286 -0.389 -0.24   0.35  -0.138]
 [-0.317 -0.171  0.081  0.69  -0.093 -0.21   0.32   0.299  0.316  0.214]
 [-0.315  0.135  0.04  -0.004 -0.732  0.061  0.269 -0.082 -0.395 -0.323]
 [-0.315 -0.202 -0.487 -0.449 -0.084  0.338  0.334  0.032  0.344  0.267]
 [-0.315  0.118 -0.315 -0.082 -0.232 -0.305 -0.686  0.387  0.027  0.081]]
EigenVectors obtained through numpy:
[[-0.315  0.224 -0.052  0.003  0.461 -0.005 -0.061  0.198 -0.315 -0.703]
 [-0.316  0.501  0.133 -0.426  0.354 -0.247 -0.036  0.069  0.291  0.415]
 [-0.317 -0.087 -0.088  0.092 -0.183 -0.182 -0.562  0.176 -0.577  0.36 ]
 [-0.32  -0.465 -0.044  0.256  0.388 -0.423  0.188 -0.49   0.028  0.09 ]
 [-0.315  0.5    0.094  0.529 -0.12   0.407  0.061 -0.405 -0.037  0.112]
 [-0.317 -0.323  0.315 -0.448 -0.084  0.416 -0.378 -0.342  0.154 -0.176]
 [-0.317 -0.22   0.603  0.322 -0.102 -0.025  0.162  0.546  0.218  0.004]
 [-0.315  0.066  0.029 -0.376 -0.497 -0.185  0.581 -0.103 -0.342 -0.093]
 [-0.315 -0.25  -0.531 -0.073  0.184  0.526  0.28   0.303  0.038  0.261]
 [-0.315  0.066 -0.464  0.117 -0.407 -0.277 -0.232  0.054  0.54  -0.275]]
Learning Rate : 20
Distance measure: 2.275
Time taken to converge as per expectation: inf s