
Playing the asymmetric EigenGame (Variant a, momentum)...
Time taken: 228.1870551109314s
EigenVectors obtained through EigenGame:
[[-0.254  0.241 -0.555  0.081 -0.526 -0.376  0.209]
 [-0.323  0.278  0.393 -0.013 -0.338 -0.274  0.712]
 [-0.382 -0.183 -0.356  0.221 -0.377  0.579 -0.025]
 [-0.32  -0.354 -0.451 -0.635  0.312 -0.213  0.411]
 [-0.506  0.708 -0.246  0.118  0.536 -0.046 -0.111]
 [-0.318  0.218  0.316 -0.692 -0.283  0.225 -0.28 ]
 [-0.475 -0.396  0.218  0.218 -0.044 -0.592 -0.435]]
EigenVectors obtained through numpy:
[[-0.379  0.207  0.01   0.574 -0.514 -0.274 -0.381]
 [-0.379  0.223  0.558 -0.192 -0.21  -0.161  0.624]
 [-0.375 -0.268  0.033  0.403  0.075  0.764  0.185]
 [-0.377 -0.422 -0.658 -0.193 -0.214 -0.258  0.312]
 [-0.38   0.605 -0.332  0.079  0.603 -0.075  0.057]
 [-0.377  0.163  0.009 -0.654 -0.22   0.355 -0.479]
 [-0.377 -0.515  0.38  -0.018  0.477 -0.343 -0.319]]
Learning Rate : 20
Distance measure: 1.653
Time taken to converge as per expectation: inf s