
Playing the asymmetric EigenGame (Variant c, adagrad)...
Time taken: 226.57919812202454s
EigenVectors obtained through EigenGame:
[[-0.379  0.205  0.576  0.012 -0.282 -0.36   0.523]
 [-0.379  0.209 -0.164 -0.571 -0.14   0.633  0.197]
 [-0.375 -0.269  0.398 -0.012  0.774  0.153 -0.082]
 [-0.377 -0.405 -0.221  0.659 -0.243  0.327  0.208]
 [-0.38   0.613  0.066  0.321 -0.074  0.048 -0.604]
 [-0.377  0.164 -0.656 -0.043  0.331 -0.487  0.229]
 [-0.377 -0.525  0.    -0.365 -0.358 -0.316 -0.47 ]]
EigenVectors obtained through numpy:
[[-0.379  0.207  0.574 -0.01  -0.274 -0.381  0.514]
 [-0.379  0.223 -0.192 -0.558 -0.161  0.624  0.21 ]
 [-0.375 -0.268  0.403 -0.033  0.764  0.185 -0.075]
 [-0.377 -0.422 -0.193  0.658 -0.258  0.312  0.214]
 [-0.38   0.605  0.079  0.332 -0.075  0.057 -0.603]
 [-0.377  0.163 -0.654 -0.009  0.355 -0.479  0.22 ]
 [-0.377 -0.515 -0.018 -0.38  -0.343 -0.319 -0.477]]
Learning Rate : 5
Distance measure: 0.097
Time taken to converge as per expectation: inf s