
Playing the asymmetric EigenGame (Variant a, adagrad)...
Time taken: 182.7268488407135s
EigenVectors obtained through EigenGame:
[[-0.379  0.207  0.561  0.118 -0.275  0.394 -0.504]
 [-0.379  0.223 -0.059 -0.588 -0.157 -0.618 -0.225]
 [-0.375 -0.268  0.4    0.065  0.763 -0.187  0.071]
 [-0.377 -0.422 -0.338  0.595 -0.262 -0.306 -0.222]
 [-0.38   0.605  0.001  0.341 -0.078 -0.073  0.602]
 [-0.377  0.163 -0.634 -0.154  0.356  0.484 -0.208]
 [-0.377 -0.515  0.069 -0.377 -0.34   0.307  0.485]]
EigenVectors obtained through numpy:
[[-0.379  0.207  0.574 -0.01  -0.274  0.381 -0.514]
 [-0.379  0.223 -0.192 -0.558 -0.161 -0.624 -0.21 ]
 [-0.375 -0.268  0.403 -0.033  0.764 -0.185  0.075]
 [-0.377 -0.422 -0.193  0.658 -0.258 -0.312 -0.214]
 [-0.38   0.605  0.079  0.332 -0.075 -0.057  0.603]
 [-0.377  0.163 -0.654 -0.009  0.355  0.479 -0.22 ]
 [-0.377 -0.515 -0.018 -0.38  -0.343  0.319  0.477]]
Learning Rate : 20
Distance measure: 0.326
Time taken to converge as per expectation: inf s