
Playing the asymmetric EigenGame (Variant a, momentum)...
Time taken: 194.23391008377075s
EigenVectors obtained through EigenGame:
[[ 0.379 -0.19   0.434  0.078  0.746 -0.198  0.173]
 [ 0.379 -0.458  0.162  0.13  -0.16   0.704 -0.304]
 [ 0.375  0.385 -0.582  0.421  0.199  0.276  0.282]
 [ 0.377 -0.027  0.053  0.533 -0.332 -0.556 -0.378]
 [ 0.38  -0.511 -0.369 -0.372 -0.255 -0.26   0.432]
 [ 0.377  0.316 -0.214 -0.578  0.205 -0.061 -0.576]
 [ 0.377  0.495  0.512 -0.207 -0.402  0.095  0.37 ]]
EigenVectors obtained through numpy:
[[ 0.379 -0.207  0.274 -0.381  0.514  0.01   0.574]
 [ 0.379 -0.223  0.161  0.624  0.21   0.558 -0.192]
 [ 0.375  0.268 -0.764  0.185 -0.075  0.033  0.403]
 [ 0.377  0.422  0.258  0.312  0.214 -0.658 -0.193]
 [ 0.38  -0.605  0.075  0.057 -0.603 -0.332  0.079]
 [ 0.377 -0.163 -0.355 -0.479  0.22   0.009 -0.654]
 [ 0.377  0.515  0.343 -0.319 -0.477  0.38  -0.018]]
Learning Rate : 1e-08
Distance measure: 1.744
Time taken to converge as per expectation: inf s