
Playing the asymmetric EigenGame (Variant b, rmsprop)...
Time taken: 228.70923495292664s
EigenVectors obtained through EigenGame:
[[ 0.379 -0.205 -0.571 -0.033 -0.273  0.392 -0.506]
 [ 0.379 -0.221  0.218 -0.546 -0.164 -0.618 -0.221]
 [ 0.375  0.27  -0.4   -0.056  0.765 -0.185  0.073]
 [ 0.377  0.424  0.164  0.67  -0.251 -0.306 -0.218]
 [ 0.38  -0.603 -0.093  0.33  -0.072 -0.068  0.603]
 [ 0.377 -0.161  0.655  0.019  0.356  0.485 -0.209]
 [ 0.377  0.517  0.037 -0.375 -0.344  0.311  0.485]]
EigenVectors obtained through numpy:
[[ 0.379 -0.207 -0.574 -0.01  -0.274  0.381 -0.514]
 [ 0.379 -0.223  0.192 -0.558 -0.161 -0.624 -0.21 ]
 [ 0.375  0.268 -0.403 -0.033  0.764 -0.185  0.075]
 [ 0.377  0.422  0.193  0.658 -0.258 -0.312 -0.214]
 [ 0.38  -0.605 -0.079  0.332 -0.075 -0.057  0.603]
 [ 0.377 -0.163  0.654 -0.009  0.355  0.479 -0.22 ]
 [ 0.377  0.515  0.018 -0.38  -0.343  0.319  0.477]]
Learning Rate : 0.005
Distance measure: 0.071
Time taken to converge as per expectation: inf s