
Playing the asymmetric EigenGame (Variant c, adagrad)...
Time taken: 190.22695803642273s
EigenVectors obtained through EigenGame:
[[-0.379  0.212 -0.183 -0.05  -0.604  0.317  0.555]
 [-0.379  0.221  0.599 -0.066 -0.084 -0.648  0.13 ]
 [-0.375 -0.264 -0.335 -0.792  0.161 -0.137 -0.093]
 [-0.377 -0.424 -0.423  0.568  0.138 -0.356  0.174]
 [-0.38   0.605 -0.304  0.171 -0.022  0.013 -0.606]
 [-0.377  0.157  0.229  0.056  0.706  0.447  0.279]
 [-0.377 -0.516  0.415  0.108 -0.29   0.366 -0.438]]
EigenVectors obtained through numpy:
[[-0.379  0.207  0.01   0.274 -0.574  0.381  0.514]
 [-0.379  0.223  0.558  0.161  0.192 -0.624  0.21 ]
 [-0.375 -0.268  0.033 -0.764 -0.403 -0.185 -0.075]
 [-0.377 -0.422 -0.658  0.258  0.193 -0.312  0.214]
 [-0.38   0.605 -0.332  0.075 -0.079 -0.057 -0.603]
 [-0.377  0.163  0.009 -0.355  0.654  0.479  0.22 ]
 [-0.377 -0.515  0.38   0.343  0.018  0.319 -0.477]]
Learning Rate : 30
Distance measure: 1.139
Time taken to converge as per expectation: inf s