
Playing the asymmetric EigenGame (Variant b, rmsprop)...
Time taken: 222.00498414039612s
EigenVectors obtained through EigenGame:
[[ 0.379  0.202  0.576 -0.01   0.27  -0.383 -0.519]
 [ 0.379  0.218 -0.177  0.556  0.168  0.622 -0.208]
 [ 0.375 -0.273  0.407  0.031 -0.768  0.18   0.071]
 [ 0.377 -0.427 -0.204 -0.661  0.243  0.308 -0.217]
 [ 0.38   0.6    0.073 -0.338  0.068  0.052  0.601]
 [ 0.377  0.158 -0.651  0.027 -0.357 -0.481 -0.225]
 [ 0.377 -0.52  -0.006  0.371  0.344 -0.324  0.473]]
EigenVectors obtained through numpy:
[[ 0.379  0.207  0.574  0.01   0.274 -0.381 -0.514]
 [ 0.379  0.223 -0.192  0.558  0.161  0.624 -0.21 ]
 [ 0.375 -0.268  0.403  0.033 -0.764  0.185  0.075]
 [ 0.377 -0.422 -0.193 -0.658  0.258  0.312 -0.214]
 [ 0.38   0.605  0.079 -0.332  0.075  0.057  0.603]
 [ 0.377  0.163 -0.654  0.009 -0.355 -0.479 -0.22 ]
 [ 0.377 -0.515 -0.018  0.38   0.343 -0.319  0.477]]
Learning Rate : 0.01
Distance measure: 0.046
Time taken to converge as per expectation: inf s