
Playing the asymmetric EigenGame (Variant b, rmsprop)...
Time taken: 225.98077702522278s
EigenVectors obtained through EigenGame:
[[ 0.379 -0.203 -0.548  0.165  0.271 -0.377 -0.515]
 [ 0.379 -0.219  0.015 -0.587  0.158  0.626 -0.205]
 [ 0.375  0.272 -0.391  0.094 -0.768  0.188  0.08 ]
 [ 0.377  0.426  0.387  0.573  0.253  0.317 -0.208]
 [ 0.38  -0.601  0.027  0.342  0.073  0.057  0.606]
 [ 0.377 -0.159  0.623 -0.202 -0.358 -0.475 -0.219]
 [ 0.377  0.519 -0.095 -0.365  0.339 -0.318  0.478]]
EigenVectors obtained through numpy:
[[ 0.379 -0.207 -0.574 -0.01   0.274 -0.381 -0.514]
 [ 0.379 -0.223  0.192 -0.558  0.161  0.624 -0.21 ]
 [ 0.375  0.268 -0.403 -0.033 -0.764  0.185  0.075]
 [ 0.377  0.422  0.193  0.658  0.258  0.312 -0.214]
 [ 0.38  -0.605 -0.079  0.332  0.075  0.057  0.603]
 [ 0.377 -0.163  0.654 -0.009 -0.355 -0.479 -0.22 ]
 [ 0.377  0.515  0.018 -0.38   0.343 -0.319  0.477]]
Learning Rate : 0.01
Distance measure: 0.433
Time taken to converge as per expectation: inf s