
Playing the asymmetric EigenGame (Variant c)...
Time taken: 86.18254590034485s
EigenVectors obtained through EigenGame:
[[ 0.448  0.603 -0.428  0.44  -0.243]
 [ 0.449 -0.669  0.039  0.574  0.14 ]
 [ 0.443  0.358  0.461 -0.123  0.67 ]
 [ 0.447 -0.243 -0.582 -0.622  0.121]
 [ 0.449 -0.044  0.513 -0.273 -0.677]]
EigenVectors obtained through numpy:
[[ 0.448  0.603 -0.382  0.48  -0.243]
 [ 0.449 -0.669  0.094  0.568  0.14 ]
 [ 0.443  0.357  0.447 -0.168  0.67 ]
 [ 0.447 -0.242 -0.641 -0.563  0.121]
 [ 0.449 -0.044  0.484 -0.321 -0.677]]
Learning Rate : 25
Distance measure: 0.138
Time taken to converge as per expectation: inf s