
Playing the asymmetric EigenGame (Variant b, adagrad)...
Time taken: 193.50214982032776s
EigenVectors obtained through EigenGame:
[[-0.379 -0.519  0.11   0.263  0.374 -0.343 -0.499]
 [-0.379 -0.182 -0.111 -0.605  0.161  0.624 -0.173]
 [-0.375 -0.208  0.465  0.2   -0.726  0.186  0.032]
 [-0.377  0.665  0.014  0.476  0.224  0.317 -0.199]
 [-0.38  -0.266 -0.566  0.306  0.032  0.043  0.604]
 [-0.377  0.324 -0.418 -0.326 -0.392 -0.499 -0.263]
 [-0.377  0.191  0.514 -0.314  0.319 -0.329  0.497]]
EigenVectors obtained through numpy:
[[-0.379 -0.574 -0.207 -0.01   0.274 -0.381 -0.514]
 [-0.379  0.192 -0.223 -0.558  0.161  0.624 -0.21 ]
 [-0.375 -0.403  0.268 -0.033 -0.764  0.185  0.075]
 [-0.377  0.193  0.422  0.658  0.258  0.312 -0.214]
 [-0.38  -0.079 -0.605  0.332  0.075  0.057  0.603]
 [-0.377  0.654 -0.163 -0.009 -0.355 -0.479 -0.22 ]
 [-0.377  0.018  0.515 -0.38   0.343 -0.319  0.477]]
Learning Rate : 10
Distance measure: 1.121
Time taken to converge as per expectation: inf s