
Playing the asymmetric EigenGame (Variant c, rmsprop)...
Time taken: 231.04624104499817s
EigenVectors obtained through EigenGame:
[[ 0.379  0.207 -0.573  0.028  0.273  0.384 -0.512]
 [ 0.379  0.223  0.205  0.555  0.155 -0.622 -0.212]
 [ 0.375 -0.268 -0.403  0.03  -0.764 -0.187  0.075]
 [ 0.377 -0.422  0.178 -0.658  0.269 -0.31  -0.215]
 [ 0.38   0.605 -0.087 -0.33   0.081 -0.059  0.603]
 [ 0.377  0.163  0.654 -0.012 -0.356  0.479 -0.218]
 [ 0.377 -0.515  0.028  0.385  0.336  0.318  0.479]]
EigenVectors obtained through numpy:
[[ 0.379  0.207 -0.574  0.01   0.274  0.381 -0.514]
 [ 0.379  0.223  0.192  0.558  0.161 -0.624 -0.21 ]
 [ 0.375 -0.268 -0.403  0.033 -0.764 -0.185  0.075]
 [ 0.377 -0.422  0.193 -0.658  0.258 -0.312 -0.214]
 [ 0.38   0.605 -0.079 -0.332  0.075 -0.057  0.603]
 [ 0.377  0.163  0.654  0.009 -0.355  0.479 -0.22 ]
 [ 0.377 -0.515  0.018  0.38   0.343  0.319  0.477]]
Learning Rate : 0.001
Distance measure: 0.041
Time taken to converge as per expectation: inf s