
Playing the asymmetric EigenGame (Variant a, momentum)...
Time taken: 220.04680228233337s
EigenVectors obtained through EigenGame:
[[-0.484 -0.262 -0.009  0.551  0.693 -0.107  0.519]
 [-0.417 -0.297  0.492 -0.112  0.111 -0.036 -0.635]
 [-0.349  0.16  -0.304 -0.04   0.385  0.818  0.135]
 [-0.416  0.327 -0.408  0.572 -0.268 -0.073 -0.268]
 [-0.236 -0.718 -0.616  0.013  0.088  0.175  0.209]
 [-0.417 -0.238  0.31   0.083 -0.528  0.186  0.438]
 [-0.261  0.373 -0.154 -0.59  -0.006 -0.498  0.043]]
EigenVectors obtained through numpy:
[[-0.379 -0.207  0.01   0.514  0.574 -0.274  0.381]
 [-0.379 -0.223  0.558  0.21  -0.192 -0.161 -0.624]
 [-0.375  0.268  0.033 -0.075  0.403  0.764 -0.185]
 [-0.377  0.422 -0.658  0.214 -0.193 -0.258 -0.312]
 [-0.38  -0.605 -0.332 -0.603  0.079 -0.075 -0.057]
 [-0.377 -0.163  0.009  0.22  -0.654  0.355  0.479]
 [-0.377  0.515  0.38  -0.477 -0.018 -0.343  0.319]]
Learning Rate : 45
Distance measure: 1.413
Time taken to converge as per expectation: inf s