
Playing the asymmetric EigenGame (Variant c, adagrad)...
Time taken: 232.1942150592804s
EigenVectors obtained through EigenGame:
[[-0.379 -0.207 -0.567  0.091  0.278  0.415 -0.484]
 [-0.379 -0.223  0.264  0.53   0.143 -0.608 -0.256]
 [-0.375  0.268 -0.396  0.071 -0.768 -0.18   0.062]
 [-0.377  0.422  0.104 -0.673  0.266 -0.298 -0.237]
 [-0.38  -0.605 -0.123 -0.318  0.08  -0.104  0.597]
 [-0.377 -0.163  0.649 -0.083 -0.346  0.499 -0.183]
 [-0.377  0.515  0.069  0.381  0.34   0.277  0.5  ]]
EigenVectors obtained through numpy:
[[-0.379 -0.207 -0.574  0.01   0.274  0.381 -0.514]
 [-0.379 -0.223  0.192  0.558  0.161 -0.624 -0.21 ]
 [-0.375  0.268 -0.403  0.033 -0.764 -0.185  0.075]
 [-0.377  0.422  0.193 -0.658  0.258 -0.312 -0.214]
 [-0.38  -0.605 -0.079 -0.332  0.075 -0.057  0.603]
 [-0.377 -0.163  0.654  0.009 -0.355  0.479 -0.22 ]
 [-0.377  0.515  0.018  0.38   0.343  0.319  0.477]]
Learning Rate : 5
Distance measure: 0.218
Time taken to converge as per expectation: inf s