
Playing the asymmetric EigenGame (Variant c, momentum)...
Time taken: 195.88314700126648s
EigenVectors obtained through EigenGame:
[[ 0.379 -0.482  0.098 -0.109 -0.238  0.321  0.664]
 [ 0.379 -0.24   0.105 -0.498  0.657  0.125 -0.302]
 [ 0.375 -0.278 -0.587  0.202  0.068 -0.63   0.029]
 [ 0.377  0.532 -0.41   0.297  0.236  0.498  0.121]
 [ 0.38  -0.255  0.354  0.59  -0.194  0.144 -0.505]
 [ 0.377  0.467  0.568  0.031  0.106 -0.464  0.312]
 [ 0.377  0.259 -0.135 -0.512 -0.635 -0.002 -0.317]]
EigenVectors obtained through numpy:
[[ 0.379 -0.574  0.207 -0.01  -0.381  0.274  0.514]
 [ 0.379  0.192  0.223 -0.558  0.624  0.161  0.21 ]
 [ 0.375 -0.403 -0.268 -0.033  0.185 -0.764 -0.075]
 [ 0.377  0.193 -0.422  0.658  0.312  0.258  0.214]
 [ 0.38  -0.079  0.605  0.332  0.057  0.075 -0.603]
 [ 0.377  0.654  0.163 -0.009 -0.479 -0.355  0.22 ]
 [ 0.377  0.018 -0.515 -0.38  -0.319  0.343 -0.477]]
Learning Rate : 5e-08
Distance measure: 1.53
Time taken to converge as per expectation: inf s