
Playing the asymmetric EigenGame (Variant a, adagrad)...
Time taken: 242.1169970035553s
EigenVectors obtained through EigenGame:
[[ 0.448 -0.604  0.376  0.483  0.243]
 [ 0.449  0.67  -0.098  0.567 -0.14 ]
 [ 0.443 -0.356 -0.447 -0.172 -0.67 ]
 [ 0.447  0.241  0.647 -0.556 -0.121]
 [ 0.449  0.046 -0.481 -0.326  0.677]]
EigenVectors obtained through numpy:
[[ 0.448 -0.603  0.382  0.48   0.243]
 [ 0.449  0.669 -0.094  0.568 -0.14 ]
 [ 0.443 -0.357 -0.447 -0.168 -0.67 ]
 [ 0.447  0.242  0.641 -0.563 -0.121]
 [ 0.449  0.044 -0.484 -0.321  0.677]]
Learning Rate : 35
Distance measure: 0.014
Time taken to converge as per expectation: inf s