
Playing the asymmetric EigenGame (Variant a, momentum)...
Time taken: 171.87680006027222s
EigenVectors obtained through EigenGame:
[[-0.254  0.072 -0.216 -0.248 -0.833 -0.36   0.303]
 [-0.323  0.107  0.412 -0.446  0.133 -0.313 -0.506]
 [-0.382 -0.348  0.389  0.32  -0.465  0.515 -0.392]
 [-0.32  -0.516 -0.543  0.028  0.153 -0.283 -0.422]
 [-0.506  0.527 -0.006  0.342  0.007 -0.337 -0.254]
 [-0.318  0.049 -0.111 -0.72   0.092  0.435  0.044]
 [-0.475 -0.562  0.571  0.017  0.2   -0.352  0.504]]
EigenVectors obtained through numpy:
[[-0.379  0.207  0.01  -0.514 -0.574 -0.274  0.381]
 [-0.379  0.223  0.558 -0.21   0.192 -0.161 -0.624]
 [-0.375 -0.268  0.033  0.075 -0.403  0.764 -0.185]
 [-0.377 -0.422 -0.658 -0.214  0.193 -0.258 -0.312]
 [-0.38   0.605 -0.332  0.603 -0.079 -0.075 -0.057]
 [-0.377  0.163  0.009 -0.22   0.654  0.355  0.479]
 [-0.377 -0.515  0.38   0.477  0.018 -0.343  0.319]]
Learning Rate : 30
Distance measure: 1.483
Time taken to converge as per expectation: inf s