
Playing the asymmetric EigenGame (Variant c)...
Time taken: 83.69672012329102s
EigenVectors obtained through EigenGame:
[[-0.448 -0.34   0.625 -0.48   0.244]
 [-0.449  0.537 -0.408 -0.567 -0.138]
 [-0.443 -0.53  -0.217  0.167 -0.67 ]
 [-0.447  0.525  0.445  0.56  -0.122]
 [-0.449 -0.198 -0.444  0.324  0.676]]
EigenVectors obtained through numpy:
[[-0.448 -0.603  0.382 -0.48   0.243]
 [-0.449  0.669 -0.094 -0.568 -0.14 ]
 [-0.443 -0.357 -0.447  0.168 -0.67 ]
 [-0.447  0.242  0.641  0.563 -0.121]
 [-0.449  0.044 -0.484  0.321  0.677]]
Learning Rate : 30
Distance measure: 0.712
Time taken to converge as per expectation: inf s