
Playing the asymmetric EigenGame (Variant b, rmsprop)...
Time taken: 246.63437819480896s
EigenVectors obtained through EigenGame:
[[ 0.379 -0.207 -0.574  0.006  0.274 -0.336 -0.545]
 [ 0.379 -0.223  0.187  0.559  0.161  0.639 -0.157]
 [ 0.375  0.268 -0.404  0.029 -0.764  0.178  0.09 ]
 [ 0.377  0.422  0.197 -0.656  0.259  0.329 -0.187]
 [ 0.38  -0.605 -0.077 -0.333  0.076  0.006  0.606]
 [ 0.377 -0.163  0.654  0.013 -0.354 -0.459 -0.26 ]
 [ 0.377  0.515  0.015  0.38   0.343 -0.358  0.449]]
EigenVectors obtained through numpy:
[[ 0.379 -0.207 -0.574  0.01   0.274 -0.381 -0.514]
 [ 0.379 -0.223  0.192  0.558  0.161  0.624 -0.21 ]
 [ 0.375  0.268 -0.403  0.033 -0.764  0.185  0.075]
 [ 0.377  0.422  0.193 -0.658  0.258  0.312 -0.214]
 [ 0.38  -0.605 -0.079 -0.332  0.075  0.057  0.603]
 [ 0.377 -0.163  0.654  0.009 -0.355 -0.479 -0.22 ]
 [ 0.377  0.515  0.018  0.38   0.343 -0.319  0.477]]
Learning Rate : 0.001
Distance measure: 0.12
Time taken to converge as per expectation: inf s