
Playing the asymmetric EigenGame (Variant a, momentum)...
Time taken: 171.10912203788757s
EigenVectors obtained through EigenGame:
[[-0.484 -0.092  0.493  0.184  0.183  0.3   -0.319]
 [-0.417 -0.129 -0.325  0.518  0.579 -0.387 -0.181]
 [-0.349  0.331  0.258 -0.511  0.238 -0.61   0.117]
 [-0.416  0.502  0.079  0.528 -0.441 -0.29   0.058]
 [-0.236 -0.558 -0.154 -0.357 -0.533 -0.265 -0.536]
 [-0.417 -0.07  -0.612  0.164  0.196  0.043  0.585]
 [-0.261  0.545 -0.425 -0.057  0.242  0.482 -0.467]]
EigenVectors obtained through numpy:
[[-0.379 -0.207  0.574  0.514  0.01   0.381 -0.274]
 [-0.379 -0.223 -0.192  0.21   0.558 -0.624 -0.161]
 [-0.375  0.268  0.403 -0.075  0.033 -0.185  0.764]
 [-0.377  0.422 -0.193  0.214 -0.658 -0.312 -0.258]
 [-0.38  -0.605  0.079 -0.603 -0.332 -0.057 -0.075]
 [-0.377 -0.163 -0.654  0.22   0.009  0.479  0.355]
 [-0.377  0.515 -0.018 -0.477  0.38   0.319 -0.343]]
Learning Rate : 1
Distance measure: 1.639
Time taken to converge as per expectation: inf s