
Playing the asymmetric EigenGame (Variant c)...
Time taken: 87.87149596214294s
EigenVectors obtained through EigenGame:
[[ 0.448  0.668 -0.292 -0.459  0.24 ]
 [ 0.449 -0.669 -0.06  -0.572 -0.143]
 [ 0.443  0.267  0.513  0.147 -0.669]
 [ 0.447 -0.127 -0.643  0.597 -0.118]
 [ 0.449 -0.136  0.485  0.29   0.679]]
EigenVectors obtained through numpy:
[[ 0.448  0.603 -0.382 -0.48   0.243]
 [ 0.449 -0.669  0.094 -0.568 -0.14 ]
 [ 0.443  0.357  0.447  0.168 -0.67 ]
 [ 0.447 -0.242 -0.641  0.563 -0.121]
 [ 0.449 -0.044  0.484  0.321  0.677]]
Learning Rate : 5e-07
Distance measure: 0.27
Time taken to converge as per expectation: inf s