
Playing the asymmetric EigenGame (Variant a, adagrad)...
Time taken: 183.9635660648346s
EigenVectors obtained through EigenGame:
[[-0.381  0.203 -0.572  0.046 -0.274  0.622  0.151]
 [-0.38   0.219  0.134 -0.575 -0.158 -0.343  0.56 ]
 [-0.375 -0.272 -0.405  0.012  0.764 -0.19   0.06 ]
 [-0.378 -0.426  0.258  0.634 -0.261 -0.102  0.364]
 [-0.378  0.601 -0.046  0.338 -0.077 -0.432 -0.427]
 [-0.378  0.159  0.649 -0.072  0.355  0.509 -0.137]
 [-0.376 -0.519 -0.02  -0.382 -0.341 -0.063 -0.571]]
EigenVectors obtained through numpy:
[[-0.379  0.207 -0.574 -0.01  -0.274  0.381  0.514]
 [-0.379  0.223  0.192 -0.558 -0.161 -0.624  0.21 ]
 [-0.375 -0.268 -0.403 -0.033  0.764 -0.185 -0.075]
 [-0.377 -0.422  0.193  0.658 -0.258 -0.312  0.214]
 [-0.38   0.605 -0.079  0.332 -0.075 -0.057 -0.603]
 [-0.377  0.163  0.654 -0.009  0.355  0.479  0.22 ]
 [-0.377 -0.515  0.018 -0.38  -0.343  0.319 -0.477]]
Learning Rate : 40
Distance measure: 0.975
Time taken to converge as per expectation: inf s