
Playing the asymmetric EigenGame (Variant c)...
Time taken: 98.94469404220581s
EigenVectors obtained through EigenGame:
[[-0.448  0.614 -0.355  0.487 -0.241]
 [-0.449 -0.672  0.083  0.565  0.141]
 [-0.443  0.343  0.455 -0.178  0.669]
 [-0.447 -0.222 -0.658 -0.552  0.119]
 [-0.449 -0.059  0.477 -0.327 -0.678]]
EigenVectors obtained through numpy:
[[-0.448  0.603 -0.382  0.48  -0.243]
 [-0.449 -0.669  0.094  0.568  0.14 ]
 [-0.443  0.357  0.447 -0.168  0.67 ]
 [-0.447 -0.242 -0.641 -0.563  0.121]
 [-0.449 -0.044  0.484 -0.321 -0.677]]
Learning Rate : 15
Distance measure: 0.05
Time taken to converge as per expectation: inf s