
Playing the asymmetric EigenGame (Variant a, momentum)...
Time taken: 170.5675129890442s
EigenVectors obtained through EigenGame:
[[-0.479 -0.095  0.519  0.012  0.163 -0.025 -0.604]
 [-0.415 -0.13  -0.238  0.172  0.58  -0.103  0.556]
 [-0.351  0.331  0.291 -0.702  0.056  0.432  0.558]
 [-0.414  0.501 -0.063  0.529 -0.476 -0.021  0.083]
 [-0.244 -0.556 -0.193 -0.331 -0.445 -0.387 -0.018]
 [-0.415 -0.071 -0.658 -0.108  0.178  0.778 -0.053]
 [-0.268  0.547 -0.338 -0.276  0.422 -0.214 -0.067]]
EigenVectors obtained through numpy:
[[-0.379 -0.207  0.574  0.514  0.01  -0.274 -0.381]
 [-0.379 -0.223 -0.192  0.21   0.558 -0.161  0.624]
 [-0.375  0.268  0.403 -0.075  0.033  0.764  0.185]
 [-0.377  0.422 -0.193  0.214 -0.658 -0.258  0.312]
 [-0.38  -0.605  0.079 -0.603 -0.332 -0.075  0.057]
 [-0.377 -0.163 -0.654  0.22   0.009  0.355 -0.479]
 [-0.377  0.515 -0.018 -0.477  0.38  -0.343 -0.319]]
Learning Rate : 0.001
Distance measure: 1.546
Time taken to converge as per expectation: inf s