
Playing the asymmetric EigenGame (Variant b, adagrad)...
Time taken: 161.93617415428162s
EigenVectors obtained through EigenGame:
[[ 0.346 -0.18   0.654 -0.419  0.317 -0.496 -0.594]
 [ 0.169  0.584 -0.208 -0.314 -0.687  0.26   0.554]
 [ 0.427  0.531  0.036 -0.212 -0.05   0.382  0.368]
 [ 0.41   0.374 -0.378  0.521  0.429  0.369 -0.35 ]
 [ 0.515  0.257  0.52  -0.028  0.386 -0.398  0.124]
 [ 0.379 -0.149  0.157  0.513  0.202 -0.311  0.197]
 [ 0.305  0.34   0.299  0.382 -0.226  0.386 -0.168]]
EigenVectors obtained through numpy:
[[ 0.379 -0.514  0.381 -0.574 -0.01  -0.207 -0.274]
 [ 0.379 -0.21  -0.624  0.192 -0.558 -0.223 -0.161]
 [ 0.375  0.075 -0.185 -0.403 -0.033  0.268  0.764]
 [ 0.377 -0.214 -0.312  0.193  0.658  0.422 -0.258]
 [ 0.38   0.603 -0.057 -0.079  0.332 -0.605 -0.075]
 [ 0.377 -0.22   0.479  0.654 -0.009 -0.163  0.355]
 [ 0.377  0.477  0.319  0.018 -0.38   0.515 -0.343]]
Learning Rate : 0.005
Distance measure: 2.089
Time taken to converge as per expectation: inf s