
Playing the asymmetric EigenGame (Variant b, adagrad)...
Time taken: 213.95731592178345s
EigenVectors obtained through EigenGame:
[[-0.379  0.207  0.574 -0.003  0.273 -0.443  0.463]
 [-0.379  0.223 -0.191 -0.554  0.176  0.592  0.285]
 [-0.375 -0.268  0.404 -0.049 -0.762  0.196 -0.051]
 [-0.377 -0.422 -0.194  0.663  0.244  0.282  0.251]
 [-0.38   0.605  0.079  0.334  0.068  0.132 -0.592]
 [-0.377  0.163 -0.654 -0.018 -0.357 -0.501  0.159]
 [-0.377 -0.515 -0.018 -0.373  0.35  -0.258 -0.514]]
EigenVectors obtained through numpy:
[[-0.379  0.207  0.574 -0.01   0.274 -0.381  0.514]
 [-0.379  0.223 -0.192 -0.558  0.161  0.624  0.21 ]
 [-0.375 -0.268  0.403 -0.033 -0.764  0.185 -0.075]
 [-0.377 -0.422 -0.193  0.658  0.258  0.312  0.214]
 [-0.38   0.605  0.079  0.332  0.075  0.057 -0.603]
 [-0.377  0.163 -0.654 -0.009 -0.355 -0.479  0.22 ]
 [-0.377 -0.515 -0.018 -0.38   0.343 -0.319 -0.477]]
Learning Rate : 40
Distance measure: 0.18
Time taken to converge as per expectation: inf s