
Playing the asymmetric EigenGame (Variant a, momentum)...
Time taken: 175.03339076042175s
EigenVectors obtained through EigenGame:
[[-0.483 -0.262 -0.195  0.698 -0.088  0.147  0.282]
 [-0.416 -0.297  0.387 -0.002 -0.596  0.158 -0.431]
 [-0.349  0.161 -0.435  0.011 -0.033 -0.679 -0.211]
 [-0.415  0.327 -0.164 -0.246  0.381  0.415 -0.384]
 [-0.238 -0.717 -0.536 -0.358  0.082  0.386  0.287]
 [-0.416 -0.238  0.5   -0.428  0.22  -0.264  0.355]
 [-0.263  0.373 -0.244 -0.375 -0.66   0.319  0.578]]
EigenVectors obtained through numpy:
[[-0.379 -0.207  0.514  0.574 -0.01   0.274  0.381]
 [-0.379 -0.223  0.21  -0.192 -0.558  0.161 -0.624]
 [-0.375  0.268 -0.075  0.403 -0.033 -0.764 -0.185]
 [-0.377  0.422  0.214 -0.193  0.658  0.258 -0.312]
 [-0.38  -0.605 -0.603  0.079  0.332  0.075 -0.057]
 [-0.377 -0.163  0.22  -0.654 -0.009 -0.355  0.479]
 [-0.377  0.515 -0.477 -0.018 -0.38   0.343  0.319]]
Learning Rate : 0.005
Distance measure: 1.524
Time taken to converge as per expectation: inf s