
Playing the asymmetric EigenGame (Variant c, momentum)...
Time taken: 215.39831686019897s
EigenVectors obtained through EigenGame:
[[ 0.379 -0.152  0.504 -0.19   0.209  0.344 -0.617]
 [ 0.379 -0.289  0.122  0.547  0.562 -0.279  0.261]
 [ 0.375  0.282  0.319 -0.52  -0.068 -0.586  0.233]
 [ 0.377  0.499 -0.119  0.527 -0.385 -0.162 -0.372]
 [ 0.38  -0.555  0.068  0.043 -0.656  0.166  0.296]
 [ 0.377 -0.229 -0.772 -0.329  0.169 -0.114 -0.256]
 [ 0.377  0.452 -0.123 -0.084  0.17   0.627  0.454]]
EigenVectors obtained through numpy:
[[ 0.379 -0.207  0.574 -0.381  0.01   0.274 -0.514]
 [ 0.379 -0.223 -0.192  0.624  0.558  0.161 -0.21 ]
 [ 0.375  0.268  0.403  0.185  0.033 -0.764  0.075]
 [ 0.377  0.422 -0.193  0.312 -0.658  0.258 -0.214]
 [ 0.38  -0.605  0.079  0.057 -0.332  0.075  0.603]
 [ 0.377 -0.163 -0.654 -0.479  0.009 -0.355 -0.22 ]
 [ 0.377  0.515 -0.018 -0.319  0.38   0.343  0.477]]
Learning Rate : 1e-07
Distance measure: 1.435
Time taken to converge as per expectation: inf s