
Playing the asymmetric EigenGame (Variant c, adagrad)...
Time taken: 474.9856071472168s
EigenVectors obtained through EigenGame:
[[-0.315  0.222 -0.45  -0.072 -0.027  0.369  0.151 -0.505  0.459  0.147]
 [-0.316  0.518 -0.367  0.135 -0.385 -0.328 -0.158  0.436 -0.061  0.08 ]
 [-0.317 -0.099  0.195 -0.06   0.007  0.511  0.441  0.574  0.008  0.244]
 [-0.32  -0.462 -0.385 -0.044  0.258  0.059 -0.326  0.278  0.16  -0.506]
 [-0.315  0.507  0.14  -0.06   0.529  0.059  0.123 -0.129 -0.415 -0.368]
 [-0.317 -0.286  0.053  0.424 -0.386 -0.202  0.498 -0.25  -0.149 -0.338]
 [-0.317 -0.15   0.092  0.544  0.456 -0.24  -0.164 -0.063  0.07   0.52 ]
 [-0.315  0.062  0.509  0.108 -0.363  0.356 -0.58  -0.145  0.024 -0.098]
 [-0.315 -0.308 -0.178 -0.489 -0.123 -0.076 -0.104 -0.21  -0.576  0.355]
 [-0.315  0.006  0.395 -0.491  0.031 -0.507  0.118  0.005  0.479 -0.03 ]]
EigenVectors obtained through numpy:
[[-0.315  0.224 -0.461 -0.052  0.003  0.315  0.061 -0.703  0.005  0.198]
 [-0.316  0.501 -0.354  0.133 -0.426 -0.291  0.036  0.415  0.247  0.069]
 [-0.317 -0.087  0.183 -0.088  0.092  0.577  0.562  0.36   0.182  0.176]
 [-0.32  -0.465 -0.388 -0.044  0.256 -0.028 -0.188  0.09   0.423 -0.49 ]
 [-0.315  0.5    0.12   0.094  0.529  0.037 -0.061  0.112 -0.407 -0.405]
 [-0.317 -0.323  0.084  0.315 -0.448 -0.154  0.378 -0.176 -0.416 -0.342]
 [-0.317 -0.22   0.102  0.603  0.322 -0.218 -0.162  0.004  0.025  0.546]
 [-0.315  0.066  0.497  0.029 -0.376  0.342 -0.581 -0.093  0.185 -0.103]
 [-0.315 -0.25  -0.184 -0.531 -0.073 -0.038 -0.28   0.261 -0.526  0.303]
 [-0.315  0.066  0.407 -0.464  0.117 -0.54   0.232 -0.275  0.277  0.054]]
Learning Rate : 40
Distance measure: 1.164
Time taken to converge as per expectation: inf s