
Playing the asymmetric EigenGame (Variant b, rmsprop)...
Time taken: 352.87348198890686s
EigenVectors obtained through EigenGame:
[[ 0.379  0.207  0.571  0.054  0.275  0.383  0.512]
 [ 0.379  0.223 -0.23   0.546  0.15  -0.622  0.213]
 [ 0.375 -0.268  0.402  0.046 -0.764 -0.184 -0.074]
 [ 0.377 -0.422 -0.148 -0.665  0.27  -0.311  0.215]
 [ 0.38   0.605  0.101 -0.325  0.082 -0.06  -0.603]
 [ 0.377  0.163 -0.652 -0.043 -0.354  0.481  0.218]
 [ 0.377 -0.515 -0.045  0.384  0.336  0.317 -0.479]]
EigenVectors obtained through numpy:
[[ 0.379  0.207  0.574  0.01   0.274  0.381  0.514]
 [ 0.379  0.223 -0.192  0.558  0.161 -0.624  0.21 ]
 [ 0.375 -0.268  0.403  0.033 -0.764 -0.185 -0.075]
 [ 0.377 -0.422 -0.193 -0.658  0.258 -0.312  0.214]
 [ 0.38   0.605  0.079 -0.332  0.075 -0.057 -0.603]
 [ 0.377  0.163 -0.654  0.009 -0.355  0.479  0.22 ]
 [ 0.377 -0.515 -0.018  0.38   0.343  0.319 -0.477]]
Learning Rate : 0.001
Distance measure: 0.101
Time taken to converge as per expectation: inf s