
Playing the asymmetric EigenGame (Variant b, adagrad)...
Time taken: 231.040137052536s
EigenVectors obtained through EigenGame:
[[ 0.379 -0.208  0.593 -0.036  0.221 -0.513 -0.387]
 [ 0.379 -0.222 -0.177  0.507  0.295  0.539 -0.373]
 [ 0.375  0.268  0.341  0.196 -0.768  0.208  0.017]
 [ 0.377  0.422 -0.171 -0.701  0.136  0.236 -0.29 ]
 [ 0.38  -0.605  0.084 -0.34  -0.001  0.222  0.564]
 [ 0.377 -0.162 -0.681  0.074 -0.299 -0.517 -0.081]
 [ 0.377  0.515  0.01   0.302  0.409 -0.177  0.549]]
EigenVectors obtained through numpy:
[[ 0.379 -0.207  0.574  0.01   0.274 -0.381 -0.514]
 [ 0.379 -0.223 -0.192  0.558  0.161  0.624 -0.21 ]
 [ 0.375  0.268  0.403  0.033 -0.764  0.185  0.075]
 [ 0.377  0.422 -0.193 -0.658  0.258  0.312 -0.214]
 [ 0.38  -0.605  0.079 -0.332  0.075  0.057  0.603]
 [ 0.377 -0.163 -0.654  0.009 -0.355 -0.479 -0.22 ]
 [ 0.377  0.515 -0.018  0.38   0.343 -0.319  0.477]]
Learning Rate : 25
Distance measure: 0.506
Time taken to converge as per expectation: inf s