
Playing the asymmetric EigenGame (Variant b, rmsprop)...
Time taken: 223.32987999916077s
EigenVectors obtained through EigenGame:
[[ 0.379  0.531  0.106 -0.418  0.533 -0.307 -0.135]
 [ 0.379 -0.101  0.275  0.539  0.312 -0.062  0.62 ]
 [ 0.375  0.066 -0.199  0.609 -0.068 -0.152 -0.645]
 [ 0.377 -0.441  0.019 -0.284 -0.402 -0.635  0.098]
 [ 0.38   0.517  0.206 -0.045 -0.644  0.325  0.148]
 [ 0.377 -0.096 -0.817 -0.161  0.11   0.299  0.223]
 [ 0.377 -0.482  0.404 -0.237  0.159  0.53  -0.317]]
EigenVectors obtained through numpy:
[[ 0.379  0.207  0.274 -0.381  0.01  -0.514 -0.574]
 [ 0.379  0.223  0.161  0.624  0.558 -0.21   0.192]
 [ 0.375 -0.268 -0.764  0.185  0.033  0.075 -0.403]
 [ 0.377 -0.422  0.258  0.312 -0.658 -0.214  0.193]
 [ 0.38   0.605  0.075  0.057 -0.332  0.603 -0.079]
 [ 0.377  0.163 -0.355 -0.479  0.009 -0.22   0.654]
 [ 0.377 -0.515  0.343 -0.319  0.38   0.477  0.018]]
Learning Rate : 5e-05
Distance measure: 1.927
Time taken to converge as per expectation: inf s