
Playing the asymmetric EigenGame (Variant c, rmsprop)...
Time taken: 215.52560019493103s
EigenVectors obtained through EigenGame:
[[ 0.379  0.209 -0.575  0.015 -0.274  0.333 -0.546]
 [ 0.379  0.225  0.171 -0.561 -0.181 -0.638 -0.149]
 [ 0.375 -0.266 -0.406 -0.042  0.76  -0.179  0.094]
 [ 0.377 -0.42   0.213  0.656 -0.243 -0.328 -0.183]
 [ 0.38   0.606 -0.07   0.335 -0.068  0.001  0.607]
 [ 0.377  0.164  0.651 -0.042  0.354  0.456 -0.263]
 [ 0.377 -0.513  0.004 -0.373 -0.353  0.365  0.447]]
EigenVectors obtained through numpy:
[[ 0.379  0.207 -0.574 -0.01  -0.274  0.381 -0.514]
 [ 0.379  0.223  0.192 -0.558 -0.161 -0.624 -0.21 ]
 [ 0.375 -0.268 -0.403 -0.033  0.764 -0.185  0.075]
 [ 0.377 -0.422  0.193  0.658 -0.258 -0.312 -0.214]
 [ 0.38   0.605 -0.079  0.332 -0.075 -0.057  0.603]
 [ 0.377  0.163  0.654 -0.009  0.355  0.479 -0.22 ]
 [ 0.377 -0.515  0.018 -0.38  -0.343  0.319  0.477]]
Learning Rate : 0.005
Distance measure: 0.146
Time taken to converge as per expectation: inf s