
Playing the asymmetric EigenGame (Variant a, rmsprop)...
Time taken: 186.38483309745789s
EigenVectors obtained through EigenGame:
[[ 0.379 -0.205 -0.564  0.182  0.015 -0.17  -0.657]
 [ 0.379 -0.224  0.214 -0.008 -0.087 -0.695  0.364]
 [ 0.375  0.27  -0.429 -0.546  0.399  0.117  0.329]
 [ 0.377  0.422  0.187  0.658  0.424 -0.251  0.041]
 [ 0.38  -0.604 -0.088  0.217 -0.2    0.561  0.38 ]
 [ 0.377 -0.165  0.638 -0.425  0.208  0.29  -0.425]
 [ 0.377  0.515  0.042 -0.088 -0.755  0.113 -0.04 ]]
EigenVectors obtained through numpy:
[[ 0.379 -0.207 -0.574 -0.01   0.274 -0.514 -0.381]
 [ 0.379 -0.223  0.192 -0.558  0.161 -0.21   0.624]
 [ 0.375  0.268 -0.403 -0.033 -0.764  0.075  0.185]
 [ 0.377  0.422  0.193  0.658  0.258 -0.214  0.312]
 [ 0.38  -0.605 -0.079  0.332  0.075  0.603  0.057]
 [ 0.377 -0.163  0.654 -0.009 -0.355 -0.22  -0.479]
 [ 0.377  0.515  0.018 -0.38   0.343  0.477 -0.319]]
Learning Rate : 5e-05
Distance measure: 2.271
Time taken to converge as per expectation: inf s