
Playing the asymmetric EigenGame (Variant a, momentum)...
Time taken: 189.10087609291077s
EigenVectors obtained through EigenGame:
[[-0.484  0.313  0.547  0.139  0.056 -0.161 -0.704]
 [-0.417  0.307  0.208  0.126 -0.463  0.342  0.358]
 [-0.349 -0.194  0.089 -0.306  0.166 -0.8    0.217]
 [-0.416 -0.324 -0.444  0.492  0.378  0.207 -0.278]
 [-0.236  0.624 -0.528 -0.242  0.184  0.068 -0.152]
 [-0.417  0.249 -0.371  0.649 -0.36  -0.41   0.243]
 [-0.261 -0.463 -0.191 -0.386 -0.669  0.032 -0.412]]
EigenVectors obtained through numpy:
[[-0.379  0.207  0.574  0.514 -0.01   0.274 -0.381]
 [-0.379  0.223 -0.192  0.21  -0.558  0.161  0.624]
 [-0.375 -0.268  0.403 -0.075 -0.033 -0.764  0.185]
 [-0.377 -0.422 -0.193  0.214  0.658  0.258  0.312]
 [-0.38   0.605  0.079 -0.603  0.332  0.075  0.057]
 [-0.377  0.163 -0.654  0.22  -0.009 -0.355 -0.479]
 [-0.377 -0.515 -0.018 -0.477 -0.38   0.343 -0.319]]
Learning Rate : 15
Distance measure: 1.811
Time taken to converge as per expectation: inf s