
Playing the asymmetric EigenGame (Variant a, momentum)...
Time taken: 170.6867756843567s
EigenVectors obtained through EigenGame:
[[-0.484 -0.262 -0.106  0.664  0.008  0.069 -0.478]
 [-0.417 -0.297  0.46  -0.132 -0.15  -0.61   0.151]
 [-0.349  0.16  -0.363  0.029 -0.549  0.247  0.461]
 [-0.416  0.327 -0.313 -0.032  0.698 -0.096  0.35 ]
 [-0.236 -0.718 -0.588 -0.28   0.329  0.227  0.355]
 [-0.417 -0.238  0.408 -0.41   0.261  0.706  0.14 ]
 [-0.261  0.373 -0.186 -0.542 -0.111 -0.064 -0.518]]
EigenVectors obtained through numpy:
[[-0.379 -0.207  0.514  0.574 -0.01   0.381 -0.274]
 [-0.379 -0.223  0.21  -0.192 -0.558 -0.624 -0.161]
 [-0.375  0.268 -0.075  0.403 -0.033 -0.185  0.764]
 [-0.377  0.422  0.214 -0.193  0.658 -0.312 -0.258]
 [-0.38  -0.605 -0.603  0.079  0.332 -0.057 -0.075]
 [-0.377 -0.163  0.22  -0.654 -0.009  0.479  0.355]
 [-0.377  0.515 -0.477 -0.018 -0.38   0.319 -0.343]]
Learning Rate : 30
Distance measure: 1.934
Time taken to converge as per expectation: inf s