
Playing the asymmetric EigenGame (Variant a, adagrad)...
Time taken: 199.5280430316925s
EigenVectors obtained through EigenGame:
[[ 0.367  0.167  0.381  0.137  0.534  0.492  0.623]
 [ 0.384  0.371 -0.066  0.218  0.262  0.443 -0.138]
 [ 0.379  0.602  0.39   0.857  0.407  0.197  0.277]
 [ 0.376  0.165  0.045  0.281 -0.165  0.566  0.534]
 [ 0.38  -0.125  0.113  0.115  0.471  0.101  0.17 ]
 [ 0.373  0.579  0.625  0.315 -0.141  0.257  0.387]
 [ 0.387 -0.308  0.541 -0.088  0.459  0.356  0.23 ]]
EigenVectors obtained through numpy:
[[ 0.379  0.514  0.381 -0.274  0.574 -0.207 -0.01 ]
 [ 0.379  0.21  -0.624 -0.161 -0.192 -0.223 -0.558]
 [ 0.375 -0.075 -0.185  0.764  0.403  0.268 -0.033]
 [ 0.377  0.214 -0.312 -0.258 -0.193  0.422  0.658]
 [ 0.38  -0.603 -0.057 -0.075  0.079 -0.605  0.332]
 [ 0.377  0.22   0.479  0.355 -0.654 -0.163 -0.009]
 [ 0.377 -0.477  0.319 -0.343 -0.018  0.515 -0.38 ]]
Learning Rate : 0.001
Distance measure: 2.516
Time taken to converge as per expectation: inf s