
Playing the asymmetric EigenGame (Variant c, adagrad)...
Time taken: 394.43607783317566s
EigenVectors obtained through EigenGame:
[[-0.315 -0.17  -0.298 -0.364  0.003 -0.174 -0.304  0.723 -0.06   0.047]
 [-0.316 -0.513 -0.157 -0.31   0.098 -0.237  0.57  -0.283  0.016 -0.208]
 [-0.317  0.109  0.028  0.375 -0.092 -0.6   -0.345 -0.156  0.199 -0.444]
 [-0.32   0.469 -0.064 -0.389 -0.162  0.202  0.073 -0.123  0.657  0.063]
 [-0.315 -0.495 -0.087  0.155 -0.354  0.295 -0.408 -0.331  0.057  0.363]
 [-0.317  0.191  0.433  0.005 -0.055 -0.424  0.189  0.004 -0.206  0.639]
 [-0.317  0.002  0.596 -0.154 -0.283  0.346  0.006  0.124 -0.309 -0.458]
 [-0.315 -0.104  0.251  0.145  0.834  0.235 -0.145  0.025  0.185  0.035]
 [-0.315  0.421 -0.449 -0.091  0.17   0.122 -0.112 -0.33  -0.59  -0.042]
 [-0.315  0.082 -0.258  0.634 -0.152  0.237  0.472  0.351  0.044  0.006]]
EigenVectors obtained through numpy:
[[-0.315 -0.224 -0.052 -0.461 -0.003 -0.061 -0.315  0.703  0.005 -0.198]
 [-0.316 -0.501  0.133 -0.354  0.426 -0.036  0.291 -0.415  0.247 -0.069]
 [-0.317  0.087 -0.088  0.183 -0.092 -0.562 -0.577 -0.36   0.182 -0.176]
 [-0.32   0.465 -0.044 -0.388 -0.256  0.188  0.028 -0.09   0.423  0.49 ]
 [-0.315 -0.5    0.094  0.12  -0.529  0.061 -0.037 -0.112 -0.407  0.405]
 [-0.317  0.323  0.315  0.084  0.448 -0.378  0.154  0.176 -0.416  0.342]
 [-0.317  0.22   0.603  0.102 -0.322  0.162  0.218 -0.004  0.025 -0.546]
 [-0.315 -0.066  0.029  0.497  0.376  0.581 -0.342  0.093  0.185  0.103]
 [-0.315  0.25  -0.531 -0.184  0.073  0.28   0.038 -0.261 -0.526 -0.303]
 [-0.315 -0.066 -0.464  0.407 -0.117 -0.232  0.54   0.275  0.277 -0.054]]
Learning Rate : 25
Distance measure: 1.862
Time taken to converge as per expectation: inf s