
Playing the asymmetric EigenGame (Variant b, rmsprop)...
Time taken: 217.44363808631897s
EigenVectors obtained through EigenGame:
[[ 0.159  0.221  0.519 -0.032 -0.061  0.348  0.141]
 [ 0.573  0.31   0.594  0.056  0.161  0.016  0.278]
 [ 0.22  -0.026 -0.074  0.198  0.286 -0.141 -0.046]
 [ 0.165  0.648  0.514  0.628  0.697  0.243  0.509]
 [ 0.488  0.432  0.012  0.295  0.585  0.338  0.496]
 [ 0.501  0.281  0.325  0.647  0.187  0.815 -0.297]
 [ 0.285  0.41   0.05   0.236  0.16  -0.148  0.555]]
EigenVectors obtained through numpy:
[[ 0.379  0.207  0.514 -0.574 -0.01   0.381  0.274]
 [ 0.379  0.223  0.21   0.192 -0.558 -0.624  0.161]
 [ 0.375 -0.268 -0.075 -0.403 -0.033 -0.185 -0.764]
 [ 0.377 -0.422  0.214  0.193  0.658 -0.312  0.258]
 [ 0.38   0.605 -0.603 -0.079  0.332 -0.057  0.075]
 [ 0.377  0.163  0.22   0.654 -0.009  0.479 -0.355]
 [ 0.377 -0.515 -0.477  0.018 -0.38   0.319  0.343]]
Learning Rate : 5e-06
Distance measure: 2.705
Time taken to converge as per expectation: inf s