
Playing the asymmetric EigenGame (Variant a, momentum)...
Time taken: 217.21651601791382s
EigenVectors obtained through EigenGame:
[[ 0.379 -0.138  0.381 -0.177 -0.382 -0.649  0.073]
 [ 0.379 -0.154 -0.293  0.568  0.046  0.171  0.351]
 [ 0.375  0.329  0.374 -0.406 -0.06   0.691  0.223]
 [ 0.377  0.481 -0.155 -0.264  0.819 -0.063  0.442]
 [ 0.38  -0.53   0.01  -0.211  0.353  0.102 -0.52 ]
 [ 0.377 -0.095 -0.757 -0.503 -0.137  0.237  0.345]
 [ 0.377  0.573 -0.179  0.338 -0.186 -0.043 -0.487]]
EigenVectors obtained through numpy:
[[ 0.379 -0.207  0.574 -0.381 -0.01  -0.274  0.514]
 [ 0.379 -0.223 -0.192  0.624 -0.558 -0.161  0.21 ]
 [ 0.375  0.268  0.403  0.185 -0.033  0.764 -0.075]
 [ 0.377  0.422 -0.193  0.312  0.658 -0.258  0.214]
 [ 0.38  -0.605  0.079  0.057  0.332 -0.075 -0.603]
 [ 0.377 -0.163 -0.654 -0.479 -0.009  0.355  0.22 ]
 [ 0.377  0.515 -0.018 -0.319 -0.38  -0.343 -0.477]]
Learning Rate : 5e-05
Distance measure: 1.656
Time taken to converge as per expectation: inf s