
Playing the asymmetric EigenGame (Variant b, adagrad)...
Time taken: 205.47577214241028s
EigenVectors obtained through EigenGame:
[[0.336 0.433 0.048 0.498 0.475 0.357 0.481]
 [0.469 0.502 0.35  0.463 0.345 0.148 0.578]
 [0.241 0.184 0.22  0.412 0.075 0.025 0.036]
 [0.428 0.493 0.526 0.14  0.549 0.453 0.178]
 [0.14  0.011 0.462 0.173 0.352 0.579 0.564]
 [0.437 0.181 0.297 0.534 0.46  0.328 0.17 ]
 [0.464 0.501 0.498 0.18  0.114 0.45  0.233]]
EigenVectors obtained through numpy:
[[ 0.379  0.207 -0.574  0.514 -0.01   0.381  0.274]
 [ 0.379  0.223  0.192  0.21  -0.558 -0.624  0.161]
 [ 0.375 -0.268 -0.403 -0.075 -0.033 -0.185 -0.764]
 [ 0.377 -0.422  0.193  0.214  0.658 -0.312  0.258]
 [ 0.38   0.605 -0.079 -0.603  0.332 -0.057  0.075]
 [ 0.377  0.163  0.654  0.22  -0.009  0.479 -0.355]
 [ 0.377 -0.515  0.018 -0.477 -0.38   0.319  0.343]]
Learning Rate : 5e-10
Distance measure: 3.202
Time taken to converge as per expectation: inf s