
Playing the asymmetric EigenGame (Variant b, adagrad)...
Time taken: 189.91393995285034s
EigenVectors obtained through EigenGame:
[[ 0.386  0.352 -0.09   0.395  0.432  0.588  0.076]
 [ 0.38   0.172  0.015 -0.787  0.01   0.326 -0.021]
 [ 0.376 -0.085  0.636  0.175  0.129 -0.3   -0.708]
 [ 0.376 -0.797 -0.172 -0.167  0.271  0.062  0.116]
 [ 0.376  0.432  0.029 -0.098  0.186 -0.61   0.665]
 [ 0.373 -0.124 -0.695  0.387 -0.244 -0.239 -0.193]
 [ 0.377  0.043  0.27   0.088 -0.793  0.157 -0.022]]
EigenVectors obtained through numpy:
[[ 0.379  0.207  0.574  0.381 -0.01   0.514  0.274]
 [ 0.379  0.223 -0.192 -0.624 -0.558  0.21   0.161]
 [ 0.375 -0.268  0.403 -0.185 -0.033 -0.075 -0.764]
 [ 0.377 -0.422 -0.193 -0.312  0.658  0.214  0.258]
 [ 0.38   0.605  0.079 -0.057  0.332 -0.603  0.075]
 [ 0.377  0.163 -0.654  0.479 -0.009  0.22  -0.355]
 [ 0.377 -0.515 -0.018  0.319 -0.38  -0.477  0.343]]
Learning Rate : 0.05
Distance measure: 1.933
Time taken to converge as per expectation: inf s