
Playing the asymmetric EigenGame (Variant c, rmsprop)...
Time taken: 206.99546813964844s
EigenVectors obtained through EigenGame:
[[ 0.379  0.249 -0.421 -0.42   0.436  0.33  -0.267]
 [ 0.379  0.183 -0.007 -0.487 -0.375  0.068  0.64 ]
 [ 0.375 -0.26  -0.008  0.558  0.051  0.651  0.278]
 [ 0.377  0.068 -0.626  0.384 -0.193 -0.519 -0.146]
 [ 0.38   0.246  0.479  0.171  0.595 -0.371  0.221]
 [ 0.377  0.325  0.419  0.096 -0.525  0.072 -0.587]
 [ 0.377 -0.816  0.162 -0.297  0.007 -0.226 -0.166]]
EigenVectors obtained through numpy:
[[ 0.379  0.207 -0.514 -0.01   0.574 -0.274 -0.381]
 [ 0.379  0.223 -0.21  -0.558 -0.192 -0.161  0.624]
 [ 0.375 -0.268  0.075 -0.033  0.403  0.764  0.185]
 [ 0.377 -0.422 -0.214  0.658 -0.193 -0.258  0.312]
 [ 0.38   0.605  0.603  0.332  0.079 -0.075  0.057]
 [ 0.377  0.163 -0.22  -0.009 -0.654  0.355 -0.479]
 [ 0.377 -0.515  0.477 -0.38  -0.018 -0.343 -0.319]]
Learning Rate : 5e-05
Distance measure: 1.821
Time taken to converge as per expectation: inf s