
Playing the asymmetric EigenGame (Variant a, adagrad)...
Time taken: 169.06123685836792s
EigenVectors obtained through EigenGame:
[[-0.379  0.207  0.557 -0.135 -0.274 -0.437 -0.468]
 [-0.379  0.223 -0.314 -0.497 -0.169  0.596 -0.279]
 [-0.375 -0.268  0.383 -0.137  0.763  0.191  0.056]
 [-0.377 -0.422 -0.037  0.689 -0.245  0.286 -0.248]
 [-0.38   0.605  0.153  0.307 -0.071  0.126  0.593]
 [-0.377  0.163 -0.64   0.134  0.355 -0.502 -0.164]
 [-0.377 -0.515 -0.103 -0.36  -0.351 -0.262  0.51 ]]
EigenVectors obtained through numpy:
[[-0.379  0.207  0.574 -0.01  -0.274 -0.381 -0.514]
 [-0.379  0.223 -0.192 -0.558 -0.161  0.624 -0.21 ]
 [-0.375 -0.268  0.403 -0.033  0.764  0.185  0.075]
 [-0.377 -0.422 -0.193  0.658 -0.258  0.312 -0.214]
 [-0.38   0.605  0.079  0.332 -0.075  0.057  0.603]
 [-0.377  0.163 -0.654 -0.009  0.355 -0.479 -0.22 ]
 [-0.377 -0.515 -0.018 -0.38  -0.343 -0.319  0.477]]
Learning Rate : 5
Distance measure: 0.363
Time taken to converge as per expectation: inf s