
Playing the asymmetric EigenGame (Variant c)...
Time taken: 100.71195411682129s
EigenVectors obtained through EigenGame:
[[-0.448  0.597 -0.398  0.475 -0.243]
 [-0.449 -0.668  0.099  0.569  0.14 ]
 [-0.443  0.365  0.443 -0.163  0.67 ]
 [-0.447 -0.253 -0.63  -0.569  0.121]
 [-0.449 -0.036  0.488 -0.316 -0.677]]
EigenVectors obtained through numpy:
[[-0.448  0.603 -0.382  0.48  -0.243]
 [-0.449 -0.669  0.094  0.568  0.14 ]
 [-0.443  0.357  0.447 -0.168  0.67 ]
 [-0.447 -0.242 -0.641 -0.563  0.121]
 [-0.449 -0.044  0.484 -0.321 -0.677]]
Learning Rate : 15
Distance measure: 0.028
Time taken to converge as per expectation: inf s