
Playing the asymmetric EigenGame (Variant a, rmsprop)...
Time taken: 191.15452408790588s
EigenVectors obtained through EigenGame:
[[ 0.379 -0.19   0.537  0.145  0.098  0.204 -0.678]
 [ 0.379 -0.242  0.042 -0.54   0.252  0.534  0.392]
 [ 0.375  0.276  0.377  0.256 -0.629  0.077  0.414]
 [ 0.377  0.435 -0.427  0.501  0.398  0.281  0.002]
 [ 0.38  -0.593 -0.039  0.323  0.205 -0.519  0.296]
 [ 0.377 -0.183 -0.609 -0.211 -0.537 -0.01  -0.35 ]
 [ 0.377  0.505  0.119 -0.472  0.206 -0.565 -0.075]]
EigenVectors obtained through numpy:
[[ 0.379 -0.207  0.574 -0.01   0.274  0.514 -0.381]
 [ 0.379 -0.223 -0.192 -0.558  0.161  0.21   0.624]
 [ 0.375  0.268  0.403 -0.033 -0.764 -0.075  0.185]
 [ 0.377  0.422 -0.193  0.658  0.258  0.214  0.312]
 [ 0.38  -0.605  0.079  0.332  0.075 -0.603  0.057]
 [ 0.377 -0.163 -0.654 -0.009 -0.355  0.22  -0.479]
 [ 0.377  0.515 -0.018 -0.38   0.343 -0.477 -0.319]]
Learning Rate : 5e-05
Distance measure: 1.093
Time taken to converge as per expectation: inf s