
Playing the asymmetric EigenGame (Variant a, momentum)...
Time taken: 184.85832810401917s
EigenVectors obtained through EigenGame:
[[-0.473 -0.098 -0.49   0.318  0.366  0.175 -0.318]
 [-0.413 -0.132  0.051  0.291 -0.592 -0.182  0.59 ]
 [-0.353  0.331 -0.406  0.227 -0.189 -0.66   0.012]
 [-0.412  0.5    0.353 -0.299  0.452 -0.356  0.274]
 [-0.253 -0.554 -0.307 -0.716 -0.    -0.262  0.237]
 [-0.413 -0.073  0.488 -0.15  -0.409  0.027 -0.59 ]
 [-0.275  0.549 -0.367 -0.372 -0.329  0.552  0.267]]
EigenVectors obtained through numpy:
[[-0.379 -0.207 -0.574  0.514 -0.01   0.274 -0.381]
 [-0.379 -0.223  0.192  0.21  -0.558  0.161  0.624]
 [-0.375  0.268 -0.403 -0.075 -0.033 -0.764  0.185]
 [-0.377  0.422  0.193  0.214  0.658  0.258  0.312]
 [-0.38  -0.605 -0.079 -0.603  0.332  0.075  0.057]
 [-0.377 -0.163  0.654  0.22  -0.009 -0.355 -0.479]
 [-0.377  0.515  0.018 -0.477 -0.38   0.343 -0.319]]
Learning Rate : 0.0005
Distance measure: 1.627
Time taken to converge as per expectation: inf s