
Playing the asymmetric EigenGame (Variant b, adagrad)...
Time taken: 278.20699286460876s
EigenVectors obtained through EigenGame:
[[0.555 0.323 0.24  0.378 0.455 0.557 0.037]
 [0.245 0.066 0.55  0.527 0.016 0.502 0.126]
 [0.301 0.404 0.262 0.233 0.316 0.012 0.328]
 [0.544 0.388 0.318 0.135 0.211 0.467 0.569]
 [0.159 0.327 0.452 0.358 0.54  0.39  0.517]
 [0.399 0.673 0.473 0.423 0.43  0.172 0.332]
 [0.247 0.13  0.206 0.448 0.415 0.195 0.418]]
EigenVectors obtained through numpy:
[[ 0.514  0.207 -0.574  0.379  0.381  0.274 -0.01 ]
 [ 0.21   0.223  0.192  0.379 -0.624  0.161 -0.558]
 [-0.075 -0.268 -0.403  0.375 -0.185 -0.764 -0.033]
 [ 0.214 -0.422  0.193  0.377 -0.312  0.258  0.658]
 [-0.603  0.605 -0.079  0.38  -0.057  0.075  0.332]
 [ 0.22   0.163  0.654  0.377  0.479 -0.355 -0.009]
 [-0.477 -0.515  0.018  0.377  0.319  0.343 -0.38 ]]
Learning Rate : 1e-05
Distance measure: 2.99
Time taken to converge as per expectation: inf s