
Playing the asymmetric EigenGame (Variant c, rmsprop)...
Time taken: 212.71352314949036s
EigenVectors obtained through EigenGame:
[[ 0.379  0.207 -0.574 -0.016  0.274  0.347  0.537]
 [ 0.379  0.223  0.2   -0.553  0.165 -0.636  0.171]
 [ 0.375 -0.268 -0.403 -0.045 -0.764 -0.18  -0.086]
 [ 0.377 -0.422  0.182  0.663  0.251 -0.325  0.194]
 [ 0.38   0.604 -0.085  0.332  0.072 -0.02  -0.605]
 [ 0.377  0.162  0.653 -0.002 -0.355  0.464  0.25 ]
 [ 0.377 -0.515  0.023 -0.377  0.346  0.348 -0.456]]
EigenVectors obtained through numpy:
[[ 0.379  0.207 -0.574 -0.01   0.274  0.381  0.514]
 [ 0.379  0.223  0.192 -0.558  0.161 -0.624  0.21 ]
 [ 0.375 -0.268 -0.403 -0.033 -0.764 -0.185 -0.075]
 [ 0.377 -0.422  0.193  0.658  0.258 -0.312  0.214]
 [ 0.38   0.605 -0.079  0.332  0.075 -0.057 -0.603]
 [ 0.377  0.163  0.654 -0.009 -0.355  0.479  0.22 ]
 [ 0.377 -0.515  0.018 -0.38   0.343  0.319 -0.477]]
Learning Rate : 0.001
Distance measure: 0.092
Time taken to converge as per expectation: inf s