
Playing the asymmetric EigenGame (Variant a, adagrad)...
Time taken: 179.8224639892578s
EigenVectors obtained through EigenGame:
[[ 0.379 -0.079 -0.048 -0.425 -0.474 -0.466  0.471]
 [ 0.379  0.428 -0.457  0.138 -0.297  0.588  0.126]
 [ 0.375 -0.461 -0.359 -0.37   0.592  0.188  0.038]
 [ 0.377 -0.416  0.64   0.275 -0.141  0.38   0.186]
 [ 0.38   0.387  0.392 -0.471  0.04   0.026 -0.569]
 [ 0.377  0.432  0.119  0.411  0.513 -0.365  0.307]
 [ 0.377 -0.298 -0.288  0.444 -0.225 -0.351 -0.555]]
EigenVectors obtained through numpy:
[[ 0.379  0.207 -0.01  -0.574 -0.274 -0.381  0.514]
 [ 0.379  0.223 -0.558  0.192 -0.161  0.624  0.21 ]
 [ 0.375 -0.268 -0.033 -0.403  0.764  0.185 -0.075]
 [ 0.377 -0.422  0.658  0.193 -0.258  0.312  0.214]
 [ 0.38   0.605  0.332 -0.079 -0.075  0.057 -0.603]
 [ 0.377  0.163 -0.009  0.654  0.355 -0.479  0.22 ]
 [ 0.377 -0.515 -0.38   0.018 -0.343 -0.319 -0.477]]
Learning Rate : 1
Distance measure: 1.059
Time taken to converge as per expectation: inf s