
Playing the asymmetric EigenGame (Variant c)...
Time taken: 98.59585809707642s
EigenVectors obtained through EigenGame:
[[-0.448  0.609 -0.419  0.44  -0.243]
 [-0.449 -0.671  0.024  0.573  0.14 ]
 [-0.443  0.349  0.468 -0.121  0.67 ]
 [-0.447 -0.23  -0.584 -0.625  0.121]
 [-0.449 -0.052  0.513 -0.271 -0.677]]
EigenVectors obtained through numpy:
[[-0.448  0.603 -0.382  0.48  -0.243]
 [-0.449 -0.669  0.094  0.568  0.14 ]
 [-0.443  0.357  0.447 -0.168  0.67 ]
 [-0.447 -0.242 -0.641 -0.563  0.121]
 [-0.449 -0.044  0.484 -0.321 -0.677]]
Learning Rate : 10
Distance measure: 0.145
Time taken to converge as per expectation: inf s