
Playing the asymmetric EigenGame (Variant a, momentum)...
Time taken: 193.14881491661072s
EigenVectors obtained through EigenGame:
[[ 0.254 -0.164  0.191 -0.785 -0.157  0.241  0.329]
 [ 0.323 -0.158 -0.359 -0.315  0.382  0.113 -0.589]
 [ 0.382  0.341  0.554 -0.254  0.525 -0.499  0.341]
 [ 0.32   0.472  0.182  0.243 -0.53  -0.022 -0.372]
 [ 0.506 -0.475  0.454  0.392  0.037 -0.115 -0.019]
 [ 0.318 -0.1   -0.538 -0.058 -0.25  -0.755  0.341]
 [ 0.475  0.611  0.009  0.063  0.457  0.309  0.416]]
EigenVectors obtained through numpy:
[[ 0.379 -0.207  0.574 -0.514  0.01   0.274  0.381]
 [ 0.379 -0.223 -0.192 -0.21   0.558  0.161 -0.624]
 [ 0.375  0.268  0.403  0.075  0.033 -0.764 -0.185]
 [ 0.377  0.422 -0.193 -0.214 -0.658  0.258 -0.312]
 [ 0.38  -0.605  0.079  0.603 -0.332  0.075 -0.057]
 [ 0.377 -0.163 -0.654 -0.22   0.009 -0.355  0.479]
 [ 0.377  0.515 -0.018  0.477  0.38   0.343  0.319]]
Learning Rate : 50
Distance measure: 1.556
Time taken to converge as per expectation: inf s