
Playing the asymmetric EigenGame (Variant c)...
EigenVectors obtained through EigenGame:
[[-0.448  0.585  0.41   0.479 -0.243]
 [-0.449 -0.664 -0.123  0.568  0.14 ]
 [-0.443  0.377 -0.431 -0.167  0.67 ]
 [-0.447 -0.271  0.628 -0.564  0.121]
 [-0.449 -0.022 -0.486 -0.32  -0.677]]
EigenVectors obtained through numpy:
[[-0.448  0.603  0.382  0.48  -0.243]
 [-0.449 -0.669 -0.094  0.568  0.14 ]
 [-0.443  0.357 -0.447 -0.168  0.67 ]
 [-0.447 -0.242  0.641 -0.563  0.121]
 [-0.449 -0.044 -0.484 -0.321 -0.677]]
Learning Rate : 5
Distance measure: 0.064