
Playing the asymmetric EigenGame (Variant b, adagrad)...
Time taken: 225.42849826812744s
EigenVectors obtained through EigenGame:
[[-0.379 -0.207 -0.573 -0.023  0.276 -0.374  0.518]
 [-0.379 -0.223  0.157  0.57   0.152  0.627  0.203]
 [-0.375  0.268 -0.405  0.    -0.765  0.18  -0.077]
 [-0.377  0.422  0.233 -0.642  0.262  0.316  0.21 ]
 [-0.38  -0.605 -0.058 -0.336  0.078  0.051 -0.604]
 [-0.377 -0.163  0.652  0.046 -0.352 -0.479  0.226]
 [-0.377  0.515 -0.006  0.384  0.341 -0.323 -0.474]]
EigenVectors obtained through numpy:
[[-0.379 -0.207 -0.574  0.01   0.274 -0.381  0.514]
 [-0.379 -0.223  0.192  0.558  0.161  0.624  0.21 ]
 [-0.375  0.268 -0.403  0.033 -0.764  0.185 -0.075]
 [-0.377  0.422  0.193 -0.658  0.258  0.312  0.214]
 [-0.38  -0.605 -0.079 -0.332  0.075  0.057 -0.603]
 [-0.377 -0.163  0.654  0.009 -0.355 -0.479  0.22 ]
 [-0.377  0.515  0.018  0.38   0.343 -0.319 -0.477]]
Learning Rate : 25
Distance measure: 0.091
Time taken to converge as per expectation: inf s