
Playing the asymmetric EigenGame (Variant a, rmsprop)...
Time taken: 174.45737600326538s
EigenVectors obtained through EigenGame:
[[ 0.379  0.207  0.57   0.067  0.277 -0.401 -0.497]
 [ 0.379  0.223 -0.119 -0.576  0.164  0.615 -0.237]
 [ 0.375 -0.268  0.405  0.009 -0.765  0.182  0.067]
 [ 0.377 -0.422 -0.277  0.631  0.247  0.304 -0.228]
 [ 0.381  0.604  0.035  0.341  0.07   0.085  0.6  ]
 [ 0.377  0.163 -0.647 -0.097 -0.35  -0.491 -0.199]
 [ 0.378 -0.515  0.03  -0.375  0.35  -0.295  0.491]]
EigenVectors obtained through numpy:
[[ 0.379  0.207  0.574 -0.01   0.274 -0.381 -0.514]
 [ 0.379  0.223 -0.192 -0.558  0.161  0.624 -0.21 ]
 [ 0.375 -0.268  0.403 -0.033 -0.764  0.185  0.075]
 [ 0.377 -0.422 -0.193  0.658  0.258  0.312 -0.214]
 [ 0.38   0.605  0.079  0.332  0.075  0.057  0.603]
 [ 0.377  0.163 -0.654 -0.009 -0.355 -0.479 -0.22 ]
 [ 0.377 -0.515 -0.018 -0.38   0.343 -0.319  0.477]]
Learning Rate : 0.0005
Distance measure: 0.194
Time taken to converge as per expectation: inf s