
Playing the asymmetric EigenGame (Variant a, adagrad)...
Time taken: 188.50102400779724s
EigenVectors obtained through EigenGame:
[[-0.383 -0.215 -0.575 -0.012  0.275 -0.375  0.518]
 [-0.381 -0.231  0.167  0.567  0.157  0.626  0.202]
 [-0.375  0.26  -0.407  0.01  -0.763  0.184 -0.077]
 [-0.379  0.414  0.22  -0.647  0.262  0.314  0.21 ]
 [-0.376 -0.613 -0.066 -0.335  0.078  0.05  -0.604]
 [-0.379 -0.171  0.651  0.035 -0.356 -0.477  0.226]
 [-0.374  0.506  0.     0.383  0.34  -0.325 -0.474]]
EigenVectors obtained through numpy:
[[-0.379 -0.207 -0.574  0.01   0.274 -0.381  0.514]
 [-0.379 -0.223  0.192  0.558  0.161  0.624  0.21 ]
 [-0.375  0.268 -0.403  0.033 -0.764  0.185 -0.075]
 [-0.377  0.422  0.193 -0.658  0.258  0.312  0.214]
 [-0.38  -0.605 -0.079 -0.332  0.075  0.057 -0.603]
 [-0.377 -0.163  0.654  0.009 -0.355 -0.479  0.22 ]
 [-0.377  0.515  0.018  0.38   0.343 -0.319 -0.477]]
Learning Rate : 45
Distance measure: 0.069
Time taken to converge as per expectation: inf s