
Playing the asymmetric EigenGame (Variant a, momentum)...
Time taken: 198.90473294258118s
EigenVectors obtained through EigenGame:
[[-0.379  0.112  0.378 -0.16  -0.019  0.52  -0.401]
 [-0.379  0.128 -0.337  0.046  0.6   -0.277 -0.365]
 [-0.375 -0.349  0.382 -0.358 -0.301 -0.565 -0.049]
 [-0.377 -0.499 -0.125  0.819 -0.09   0.207 -0.003]
 [-0.38   0.499  0.003  0.346  0.007 -0.141  0.464]
 [-0.377  0.07  -0.731 -0.23  -0.37   0.236  0.087]
 [-0.377 -0.589 -0.218  0.013  0.635  0.463  0.694]]
EigenVectors obtained through numpy:
[[-0.379  0.207  0.574 -0.01   0.274  0.381 -0.514]
 [-0.379  0.223 -0.192 -0.558  0.161 -0.624 -0.21 ]
 [-0.375 -0.268  0.403 -0.033 -0.764 -0.185  0.075]
 [-0.377 -0.422 -0.193  0.658  0.258 -0.312 -0.214]
 [-0.38   0.605  0.079  0.332  0.075 -0.057  0.603]
 [-0.377  0.163 -0.654 -0.009 -0.355  0.479 -0.22 ]
 [-0.377 -0.515 -0.018 -0.38   0.343  0.319  0.477]]
Learning Rate : 0.0001
Distance measure: 1.58
Time taken to converge as per expectation: inf s