
Playing the asymmetric EigenGame (Variant c)...
Time taken: 92.75020503997803s
EigenVectors obtained through EigenGame:
[[ 0.448  0.592  0.404 -0.476  0.242]
 [ 0.449 -0.665 -0.109 -0.569 -0.14 ]
 [ 0.443  0.37  -0.438  0.165 -0.669]
 [ 0.447 -0.262  0.628  0.568 -0.12 ]
 [ 0.449 -0.03  -0.488  0.316  0.678]]
EigenVectors obtained through numpy:
[[ 0.448  0.603  0.382 -0.48   0.243]
 [ 0.449 -0.669 -0.094 -0.568 -0.14 ]
 [ 0.443  0.357 -0.447  0.168 -0.67 ]
 [ 0.447 -0.242  0.641  0.563 -0.121]
 [ 0.449 -0.044 -0.484  0.321  0.677]]
Learning Rate : 10
Distance measure: 0.044
Time taken to converge as per expectation: inf s