
Playing the asymmetric EigenGame (Variant a, momentum)...
Time taken: 226.89093685150146s
EigenVectors obtained through EigenGame:
[[-0.484 -0.092 -0.462  0.499 -0.065  0.216  0.027]
 [-0.417 -0.129  0.121 -0.246 -0.343  0.188 -0.855]
 [-0.349  0.331 -0.414  0.096 -0.316 -0.676 -0.026]
 [-0.416  0.502  0.293  0.262  0.569 -0.209 -0.326]
 [-0.236 -0.558 -0.375 -0.374  0.548 -0.313 -0.071]
 [-0.417 -0.07   0.501 -0.355 -0.222 -0.36   0.336]
 [-0.261  0.545 -0.35  -0.589  0.325  0.436  0.207]]
EigenVectors obtained through numpy:
[[-0.379 -0.207 -0.574  0.514 -0.01   0.274  0.381]
 [-0.379 -0.223  0.192  0.21  -0.558  0.161 -0.624]
 [-0.375  0.268 -0.403 -0.075 -0.033 -0.764 -0.185]
 [-0.377  0.422  0.193  0.214  0.658  0.258 -0.312]
 [-0.38  -0.605 -0.079 -0.603  0.332  0.075 -0.057]
 [-0.377 -0.163  0.654  0.22  -0.009 -0.355  0.479]
 [-0.377  0.515  0.018 -0.477 -0.38   0.343  0.319]]
Learning Rate : 10
Distance measure: 1.535
Time taken to converge as per expectation: inf s