
Playing the asymmetric EigenGame (Variant c, momentum)...
Time taken: 225.13338589668274s
EigenVectors obtained through EigenGame:
[[-0.379 -0.089 -0.27  -0.068 -0.123  0.117  0.399]
 [-0.379 -0.071 -0.249 -0.029  0.017  0.397  0.709]
 [-0.375  0.359  0.162  0.366  0.193  0.143  0.201]
 [-0.377  0.455  0.252  0.454  0.232  0.09   0.101]
 [-0.381 -0.579 -0.753 -0.608 -0.869 -0.801 -0.41 ]
 [-0.377 -0.126 -0.312 -0.137 -0.343 -0.312 -0.071]
 [-0.378  0.548  0.335  0.517  0.141 -0.248 -0.338]]
EigenVectors obtained through numpy:
[[-0.379 -0.207  0.514 -0.381  0.274  0.574  0.01 ]
 [-0.379 -0.223  0.21   0.624  0.161 -0.192  0.558]
 [-0.375  0.268 -0.075  0.185 -0.764  0.403  0.033]
 [-0.377  0.422  0.214  0.312  0.258 -0.193 -0.658]
 [-0.38  -0.605 -0.603  0.057  0.075  0.079 -0.332]
 [-0.377 -0.163  0.22  -0.479 -0.355 -0.654  0.009]
 [-0.377  0.515 -0.477 -0.319  0.343 -0.018  0.38 ]]
Learning Rate : 35
Distance measure: 2.952
Time taken to converge as per expectation: inf s