
Playing the asymmetric EigenGame (Variant a, adagrad)...
Time taken: 183.44983673095703s
EigenVectors obtained through EigenGame:
[[-0.379 -0.208 -0.573  0.033  0.275  0.357  0.53 ]
 [-0.38  -0.224  0.215  0.549  0.162 -0.632  0.182]
 [-0.375  0.267 -0.402  0.051 -0.764 -0.181 -0.083]
 [-0.378  0.421  0.165 -0.666  0.256 -0.321  0.2  ]
 [-0.38  -0.606 -0.093 -0.329  0.075 -0.03  -0.605]
 [-0.377 -0.164  0.654 -0.017 -0.354  0.469  0.241]
 [-0.377  0.514  0.034  0.379  0.344  0.34  -0.463]]
EigenVectors obtained through numpy:
[[-0.379 -0.207 -0.574  0.01   0.274  0.381  0.514]
 [-0.379 -0.223  0.192  0.558  0.161 -0.624  0.21 ]
 [-0.375  0.268 -0.403  0.033 -0.764 -0.185 -0.075]
 [-0.377  0.422  0.193 -0.658  0.258 -0.312  0.214]
 [-0.38  -0.605 -0.079 -0.332  0.075 -0.057 -0.603]
 [-0.377 -0.163  0.654  0.009 -0.355  0.479  0.22 ]
 [-0.377  0.515  0.018  0.38   0.343  0.319 -0.477]]
Learning Rate : 35
Distance measure: 0.086
Time taken to converge as per expectation: inf s