
Playing the asymmetric EigenGame (Variant a, momentum)...
Time taken: 208.20699286460876s
EigenVectors obtained through EigenGame:
[[-0.484 -0.092  0.514  0.254 -0.076 -0.705 -0.148]
 [-0.417 -0.129  0.011 -0.008  0.378  0.262 -0.078]
 [-0.349  0.331  0.289 -0.32  -0.48   0.28  -0.613]
 [-0.416  0.502 -0.314  0.854 -0.145  0.254  0.11 ]
 [-0.236 -0.558 -0.359 -0.066 -0.698 -0.05   0.174]
 [-0.417 -0.07  -0.617  0.069  0.334 -0.305 -0.6  ]
 [-0.261  0.545 -0.209 -0.309 -0.033 -0.443  0.44 ]]
EigenVectors obtained through numpy:
[[-0.379 -0.207  0.574 -0.01   0.514 -0.381  0.274]
 [-0.379 -0.223 -0.192 -0.558  0.21   0.624  0.161]
 [-0.375  0.268  0.403 -0.033 -0.075  0.185 -0.764]
 [-0.377  0.422 -0.193  0.658  0.214  0.312  0.258]
 [-0.38  -0.605  0.079  0.332 -0.603  0.057  0.075]
 [-0.377 -0.163 -0.654 -0.009  0.22  -0.479 -0.355]
 [-0.377  0.515 -0.018 -0.38  -0.477 -0.319  0.343]]
Learning Rate : 20
Distance measure: 1.617
Time taken to converge as per expectation: inf s