
Playing the asymmetric EigenGame (Variant b, adagrad)...
Time taken: 210.64868187904358s
EigenVectors obtained through EigenGame:
[[-0.379  0.207 -0.574 -0.003 -0.273 -0.394 -0.505]
 [-0.379  0.223  0.187  0.553 -0.181  0.618 -0.225]
 [-0.375 -0.268 -0.404  0.055  0.762  0.189  0.071]
 [-0.377 -0.422  0.198 -0.664 -0.237  0.306 -0.221]
 [-0.38   0.605 -0.076 -0.335 -0.065  0.072  0.602]
 [-0.377  0.163  0.653  0.026  0.356 -0.483 -0.209]
 [-0.377 -0.515  0.015  0.369 -0.354 -0.308  0.485]]
EigenVectors obtained through numpy:
[[-0.379  0.207 -0.574  0.01  -0.274 -0.381 -0.514]
 [-0.379  0.223  0.192  0.558 -0.161  0.624 -0.21 ]
 [-0.375 -0.268 -0.403  0.033  0.764  0.185  0.075]
 [-0.377 -0.422  0.193 -0.658 -0.258  0.312 -0.214]
 [-0.38   0.605 -0.079 -0.332 -0.075  0.057  0.603]
 [-0.377  0.163  0.654  0.009  0.355 -0.479 -0.22 ]
 [-0.377 -0.515  0.018  0.38  -0.343 -0.319  0.477]]
Learning Rate : 45
Distance measure: 0.059
Time taken to converge as per expectation: inf s