
Playing the asymmetric EigenGame (Variant c, adagrad)...
Time taken: 198.65123891830444s
EigenVectors obtained through EigenGame:
[[ 0.379  0.192 -0.075 -0.612  0.215  0.199 -0.595]
 [ 0.379  0.046  0.606  0.04   0.188 -0.669 -0.017]
 [ 0.375 -0.291 -0.034 -0.267 -0.826 -0.094  0.098]
 [ 0.377 -0.19  -0.726  0.309  0.202 -0.381 -0.105]
 [ 0.38   0.677 -0.156 -0.069  0.021  0.115  0.597]
 [ 0.377  0.156  0.216  0.669 -0.2    0.415 -0.356]
 [ 0.377 -0.598  0.166 -0.068  0.394  0.417  0.377]]
EigenVectors obtained through numpy:
[[ 0.379  0.207  0.01  -0.574  0.274  0.381 -0.514]
 [ 0.379  0.223  0.558  0.192  0.161 -0.624 -0.21 ]
 [ 0.375 -0.268  0.033 -0.403 -0.764 -0.185  0.075]
 [ 0.377 -0.422 -0.658  0.193  0.258 -0.312 -0.214]
 [ 0.38   0.605 -0.332 -0.079  0.075 -0.057  0.603]
 [ 0.377  0.163  0.009  0.654 -0.355  0.479 -0.22 ]
 [ 0.377 -0.515  0.38   0.018  0.343  0.319  0.477]]
Learning Rate : 20
Distance measure: 0.719
Time taken to converge as per expectation: inf s