
Playing the asymmetric EigenGame (Variant a, momentum)...
Time taken: 255.86330914497375s
EigenVectors obtained through EigenGame:
[[-0.484 -0.262 -0.019  0.615  0.137 -0.04   0.066]
 [-0.417 -0.297  0.566  0.229 -0.233 -0.02  -0.627]
 [-0.349  0.16  -0.28  -0.079 -0.234 -0.933 -0.033]
 [-0.416  0.327 -0.006 -0.259  0.679  0.029 -0.488]
 [-0.236 -0.718 -0.352 -0.449  0.196  0.125 -0.104]
 [-0.417 -0.238  0.683 -0.384  0.392 -0.166  0.581]
 [-0.261  0.373 -0.102 -0.384 -0.468  0.287 -0.123]]
EigenVectors obtained through numpy:
[[-0.379 -0.207 -0.574  0.514 -0.01   0.274  0.381]
 [-0.379 -0.223  0.192  0.21  -0.558  0.161 -0.624]
 [-0.375  0.268 -0.403 -0.075 -0.033 -0.764 -0.185]
 [-0.377  0.422  0.193  0.214  0.658  0.258 -0.312]
 [-0.38  -0.605 -0.079 -0.603  0.332  0.075 -0.057]
 [-0.377 -0.163  0.654  0.22  -0.009 -0.355  0.479]
 [-0.377  0.515  0.018 -0.477 -0.38   0.343  0.319]]
Learning Rate : 45
Distance measure: 1.52
Time taken to converge as per expectation: inf s