
Playing the asymmetric EigenGame (Variant c)...
Time taken: 89.87799787521362s
EigenVectors obtained through EigenGame:
[[-0.448  0.618  0.379 -0.464 -0.243]
 [-0.449 -0.671 -0.049 -0.572  0.139]
 [-0.443  0.341 -0.466  0.15   0.67 ]
 [-0.447 -0.221  0.627  0.586  0.122]
 [-0.449 -0.062 -0.494  0.304 -0.677]]
EigenVectors obtained through numpy:
[[-0.448  0.603  0.382 -0.48  -0.243]
 [-0.449 -0.669 -0.094 -0.568  0.14 ]
 [-0.443  0.357 -0.447  0.168  0.67 ]
 [-0.447 -0.242  0.641  0.563  0.121]
 [-0.449 -0.044 -0.484  0.321 -0.677]]
Learning Rate : 10
Distance measure: 0.073
Time taken to converge as per expectation: inf s