
Playing the asymmetric EigenGame (Variant a, adagrad)...
Time taken: 187.62845587730408s
EigenVectors obtained through EigenGame:
[[ 0.379  0.676 -0.224  0.272  0.188  0.563 -0.069]
 [ 0.379 -0.015 -0.367  0.162  0.285  0.199  0.597]
 [ 0.375  0.086  0.618 -0.497  0.037 -0.586  0.202]
 [ 0.377  0.354 -0.103 -0.574 -0.466 -0.144  0.27 ]
 [ 0.38  -0.353  0.013 -0.174  0.378 -0.14  -0.618]
 [ 0.377 -0.32  -0.429  0.366 -0.683 -0.331 -0.378]
 [ 0.377 -0.427  0.487  0.399  0.238  0.387 -0.038]]
EigenVectors obtained through numpy:
[[ 0.379  0.514 -0.207  0.01   0.574  0.274 -0.381]
 [ 0.379  0.21  -0.223  0.558 -0.192  0.161  0.624]
 [ 0.375 -0.075  0.268  0.033  0.403 -0.764  0.185]
 [ 0.377  0.214  0.422 -0.658 -0.193  0.258  0.312]
 [ 0.38  -0.603 -0.605 -0.332  0.079  0.075  0.057]
 [ 0.377  0.22  -0.163  0.009 -0.654 -0.355 -0.479]
 [ 0.377 -0.477  0.515  0.38  -0.018  0.343 -0.319]]
Learning Rate : 0.01
Distance measure: 1.931
Time taken to converge as per expectation: inf s