
Playing the asymmetric EigenGame (Variant c)...
Time taken: 369.58314776420593s
EigenVectors obtained through EigenGame:
[[ 0.315  0.224 -0.058  0.46   0.005  0.061 -0.316 -0.115 -0.693  0.198]
 [ 0.316  0.501  0.129  0.354 -0.425  0.056  0.297  0.311  0.365  0.069]
 [ 0.317 -0.087 -0.086 -0.183  0.119  0.557 -0.573  0.255  0.32   0.176]
 [ 0.32  -0.465 -0.049  0.388  0.245 -0.2    0.037  0.431  0.013 -0.49 ]
 [ 0.315  0.5    0.096 -0.116  0.526 -0.086 -0.045 -0.379  0.183 -0.405]
 [ 0.317 -0.323  0.316 -0.082 -0.429  0.399  0.144 -0.444 -0.099 -0.342]
 [ 0.317 -0.22   0.604 -0.093  0.315 -0.177  0.218  0.021 -0.     0.546]
 [ 0.315  0.066  0.035 -0.498 -0.401 -0.563 -0.337  0.172 -0.125 -0.103]
 [ 0.315 -0.25  -0.533  0.177 -0.086 -0.276  0.028 -0.472  0.351  0.303]
 [ 0.315  0.066 -0.459 -0.413  0.13   0.227  0.545  0.212 -0.319  0.054]]
EigenVectors obtained through numpy:
[[ 0.315  0.224 -0.052  0.461  0.003  0.061 -0.315  0.005 -0.703  0.198]
 [ 0.316  0.501  0.133  0.354 -0.426  0.036  0.291  0.247  0.415  0.069]
 [ 0.317 -0.087 -0.088 -0.183  0.092  0.562 -0.577  0.182  0.36   0.176]
 [ 0.32  -0.465 -0.044  0.388  0.256 -0.188  0.028  0.423  0.09  -0.49 ]
 [ 0.315  0.5    0.094 -0.12   0.529 -0.061 -0.037 -0.407  0.112 -0.405]
 [ 0.317 -0.323  0.315 -0.084 -0.448  0.378  0.154 -0.416 -0.176 -0.342]
 [ 0.317 -0.22   0.603 -0.102  0.322 -0.162  0.218  0.025  0.004  0.546]
 [ 0.315  0.066  0.029 -0.497 -0.376 -0.581 -0.342  0.185 -0.093 -0.103]
 [ 0.315 -0.25  -0.531  0.184 -0.073 -0.28   0.038 -0.526  0.261  0.303]
 [ 0.315  0.066 -0.464 -0.407  0.117  0.232  0.54   0.277 -0.275  0.054]]
Learning Rate : 1e-06
Distance measure: 0.266
Time taken to converge as per expectation: inf s