
Playing the asymmetric EigenGame (Variant c)...
EigenVectors obtained through EigenGame:
[[ 0.448  0.548 -0.432 -0.502  0.243]
 [ 0.449 -0.649  0.213 -0.559 -0.139]
 [ 0.443  0.414  0.386  0.189 -0.67 ]
 [ 0.447 -0.328 -0.633  0.528 -0.122]
 [ 0.449  0.02   0.467  0.347  0.677]]
EigenVectors obtained through numpy:
[[ 0.448  0.603 -0.382 -0.48   0.243]
 [ 0.449 -0.669  0.094 -0.568 -0.14 ]
 [ 0.443  0.357  0.447  0.168 -0.67 ]
 [ 0.447 -0.242 -0.641  0.563 -0.121]
 [ 0.449 -0.044  0.484  0.321  0.677]]
Learning Rate : 5
Distance measure: 0.204