
Playing the asymmetric EigenGame (Variant c, rmsprop)...
Time taken: 209.20981311798096s
EigenVectors obtained through EigenGame:
[[ 0.379 -0.206  0.574  0.068  0.26   0.468 -0.44 ]
 [ 0.379 -0.223 -0.23   0.553  0.138 -0.575 -0.313]
 [ 0.375  0.269  0.394  0.013 -0.767 -0.206  0.04 ]
 [ 0.377  0.422 -0.143 -0.651  0.306 -0.267 -0.264]
 [ 0.38  -0.604  0.104 -0.32   0.096 -0.16   0.585]
 [ 0.377 -0.164 -0.655 -0.062 -0.354  0.505 -0.136]
 [ 0.377  0.515 -0.044  0.399  0.313  0.237  0.526]]
EigenVectors obtained through numpy:
[[ 0.379 -0.207  0.574  0.01   0.274  0.381 -0.514]
 [ 0.379 -0.223 -0.192  0.558  0.161 -0.624 -0.21 ]
 [ 0.375  0.268  0.403  0.033 -0.764 -0.185  0.075]
 [ 0.377  0.422 -0.193 -0.658  0.258 -0.312 -0.214]
 [ 0.38  -0.605  0.079 -0.332  0.075 -0.057  0.603]
 [ 0.377 -0.163 -0.654  0.009 -0.355  0.479 -0.22 ]
 [ 0.377  0.515 -0.018  0.38   0.343  0.319  0.477]]
Learning Rate : 0.0001
Distance measure: 0.282
Time taken to converge as per expectation: inf s