
Playing the asymmetric EigenGame (Variant a, momentum)...
Time taken: 198.76686906814575s
EigenVectors obtained through EigenGame:
[[-0.379 -0.285  0.465 -0.042 -0.443 -0.085 -0.59 ]
 [-0.379 -0.3    0.12  -0.531  0.418 -0.619  0.215]
 [-0.375  0.18   0.212  0.507 -0.015 -0.32  -0.168]
 [-0.377  0.33  -0.585  0.05  -0.394 -0.511  0.049]
 [-0.38  -0.673 -0.289  0.022 -0.441  0.228  0.456]
 [-0.377 -0.241 -0.547  0.023  0.461  0.25  -0.601]
 [-0.377  0.42   0.002 -0.675 -0.258  0.363 -0.077]]
EigenVectors obtained through numpy:
[[-0.379 -0.207  0.574 -0.01   0.274  0.381 -0.514]
 [-0.379 -0.223 -0.192 -0.558  0.161 -0.624 -0.21 ]
 [-0.375  0.268  0.403 -0.033 -0.764 -0.185  0.075]
 [-0.377  0.422 -0.193  0.658  0.258 -0.312 -0.214]
 [-0.38  -0.605  0.079  0.332  0.075 -0.057  0.603]
 [-0.377 -0.163 -0.654 -0.009 -0.355  0.479 -0.22 ]
 [-0.377  0.515 -0.018 -0.38   0.343  0.319  0.477]]
Learning Rate : 5e-05
Distance measure: 2.323
Time taken to converge as per expectation: inf s