
Playing the asymmetric EigenGame (Variant c, adagrad)...
Time taken: 188.61017084121704s
EigenVectors obtained through EigenGame:
[[-0.379  0.203  0.576 -0.023 -0.277 -0.408 -0.49 ]
 [-0.379  0.224 -0.14   0.581 -0.121  0.611 -0.245]
 [-0.375 -0.271  0.398 -0.049  0.767  0.182  0.063]
 [-0.377 -0.421 -0.25  -0.621 -0.295  0.302 -0.231]
 [-0.38   0.604  0.055 -0.333 -0.094  0.094  0.599]
 [-0.377  0.167 -0.652  0.044  0.348 -0.495 -0.192]
 [-0.377 -0.515  0.014  0.401 -0.321 -0.287  0.496]]
EigenVectors obtained through numpy:
[[-0.379  0.207  0.574  0.01  -0.274 -0.381 -0.514]
 [-0.379  0.223 -0.192  0.558 -0.161  0.624 -0.21 ]
 [-0.375 -0.268  0.403  0.033  0.764  0.185  0.075]
 [-0.377 -0.422 -0.193 -0.658 -0.258  0.312 -0.214]
 [-0.38   0.605  0.079 -0.332 -0.075  0.057  0.603]
 [-0.377  0.163 -0.654  0.009  0.355 -0.479 -0.22 ]
 [-0.377 -0.515 -0.018  0.38  -0.343 -0.319  0.477]]
Learning Rate : 30
Distance measure: 0.173
Time taken to converge as per expectation: inf s