
Playing the asymmetric EigenGame (Variant c, adagrad)...
Time taken: 462.6331021785736s
EigenVectors obtained through EigenGame:
[[-0.315  0.215 -0.138  0.418  0.124 -0.132  0.276 -0.314  0.666  0.099]
 [-0.316  0.497 -0.239  0.121  0.513 -0.054 -0.405  0.265 -0.266  0.104]
 [-0.317 -0.084  0.132 -0.207 -0.074 -0.312 -0.299 -0.726 -0.263  0.206]
 [-0.32  -0.472 -0.128  0.47  -0.164  0.027 -0.396  0.069 -0.014 -0.499]
 [-0.315  0.507 -0.046  0.005 -0.542 -0.055  0.348  0.02  -0.317 -0.351]
 [-0.317 -0.315 -0.248 -0.467  0.428 -0.233  0.409  0.063 -0.024 -0.339]
 [-0.317 -0.203 -0.521 -0.206 -0.402  0.128 -0.046  0.249  0.097  0.54 ]
 [-0.315  0.07   0.188 -0.237  0.116  0.849 -0.054 -0.199  0.113 -0.12 ]
 [-0.315 -0.267  0.419  0.385  0.137  0.072  0.408  0.166 -0.377  0.378]
 [-0.315  0.064  0.587 -0.286 -0.135 -0.287 -0.234  0.407  0.388 -0.013]]
EigenVectors obtained through numpy:
[[-0.315  0.224  0.052  0.461 -0.003 -0.061 -0.005 -0.315  0.703  0.198]
 [-0.316  0.501 -0.133  0.354  0.426 -0.036 -0.247  0.291 -0.415  0.069]
 [-0.317 -0.087  0.088 -0.183 -0.092 -0.562 -0.182 -0.577 -0.36   0.176]
 [-0.32  -0.465  0.044  0.388 -0.256  0.188 -0.423  0.028 -0.09  -0.49 ]
 [-0.315  0.5   -0.094 -0.12  -0.529  0.061  0.407 -0.037 -0.112 -0.405]
 [-0.317 -0.323 -0.315 -0.084  0.448 -0.378  0.416  0.154  0.176 -0.342]
 [-0.317 -0.22  -0.603 -0.102 -0.322  0.162 -0.025  0.218 -0.004  0.546]
 [-0.315  0.066 -0.029 -0.497  0.376  0.581 -0.185 -0.342  0.093 -0.103]
 [-0.315 -0.25   0.531  0.184  0.073  0.28   0.526  0.038 -0.261  0.303]
 [-0.315  0.066  0.464 -0.407 -0.117 -0.232 -0.277  0.54   0.275  0.054]]
Learning Rate : 45
Distance measure: 1.147
Time taken to converge as per expectation: inf s