
Playing the asymmetric EigenGame (Variant c, adagrad)...
Time taken: 397.37561202049255s
EigenVectors obtained through EigenGame:
[[-0.315 -0.28  -0.047 -0.119 -0.422  0.213  0.271  0.021  0.703 -0.127]
 [-0.316 -0.594 -0.194 -0.488 -0.089 -0.112  0.039 -0.02  -0.499  0.051]
 [-0.317  0.129  0.101  0.025  0.041  0.651 -0.063  0.275 -0.129  0.59 ]
 [-0.32   0.374 -0.368 -0.035 -0.319  0.114 -0.485 -0.499 -0.073 -0.129]
 [-0.315 -0.433  0.34   0.623 -0.058 -0.171 -0.423  0.003 -0.007 -0.019]
 [-0.317  0.157 -0.351 -0.028  0.245 -0.125 -0.225  0.697  0.08  -0.361]
 [-0.317  0.007 -0.456  0.474  0.29  -0.074  0.549 -0.236 -0.078  0.102]
 [-0.315  0.037  0.226 -0.357  0.629 -0.198 -0.16  -0.307  0.367  0.182]
 [-0.315  0.403  0.261 -0.054 -0.401 -0.581  0.218  0.169 -0.075  0.302]
 [-0.315  0.193  0.499 -0.042  0.085  0.279  0.284 -0.1   -0.284 -0.592]]
EigenVectors obtained through numpy:
[[-0.315 -0.224  0.052  0.003 -0.461  0.061  0.198 -0.005  0.703  0.315]
 [-0.316 -0.501 -0.133 -0.426 -0.354  0.036  0.069 -0.247 -0.415 -0.291]
 [-0.317  0.087  0.088  0.092  0.183  0.562  0.176 -0.182 -0.36   0.577]
 [-0.32   0.465  0.044  0.256 -0.388 -0.188 -0.49  -0.423 -0.09  -0.028]
 [-0.315 -0.5   -0.094  0.529  0.12  -0.061 -0.405  0.407 -0.112  0.037]
 [-0.317  0.323 -0.315 -0.448  0.084  0.378 -0.342  0.416  0.176 -0.154]
 [-0.317  0.22  -0.603  0.322  0.102 -0.162  0.546 -0.025 -0.004 -0.218]
 [-0.315 -0.066 -0.029 -0.376  0.497 -0.581 -0.103 -0.185  0.093  0.342]
 [-0.315  0.25   0.531 -0.073 -0.184 -0.28   0.303  0.526 -0.261 -0.038]
 [-0.315 -0.066  0.464  0.117  0.407  0.232  0.054 -0.277  0.275 -0.54 ]]
Learning Rate : 30
Distance measure: 2.021
Time taken to converge as per expectation: inf s