
Playing the asymmetric EigenGame (Variant a, rmsprop)...
Time taken: 207.82179713249207s
EigenVectors obtained through EigenGame:
[[ 0.627 -0.121 -0.233 -0.147 -0.341 -0.354 -0.512]
 [ 0.421 -0.252 -0.227 -0.592 -0.05  -0.178 -0.317]
 [ 0.226 -0.371 -0.458 -0.151 -0.096 -0.57  -0.022]
 [ 0.423 -0.249 -0.531 -0.165  0.706 -0.265 -0.484]
 [-0.127 -0.603 -0.051 -0.275  0.074 -0.54  -0.524]
 [ 0.427 -0.246 -0.254 -0.576  0.605 -0.395 -0.141]
 [-0.044 -0.546 -0.579 -0.413  0.046 -0.03  -0.327]]
EigenVectors obtained through numpy:
[[ 0.514 -0.379  0.207 -0.381 -0.01  -0.574 -0.274]
 [ 0.21  -0.379  0.223  0.624 -0.558  0.192 -0.161]
 [-0.075 -0.375 -0.268  0.185 -0.033 -0.403  0.764]
 [ 0.214 -0.377 -0.422  0.312  0.658  0.193 -0.258]
 [-0.603 -0.38   0.605  0.057  0.332 -0.079 -0.075]
 [ 0.22  -0.377  0.163 -0.479 -0.009  0.654  0.355]
 [-0.477 -0.377 -0.515 -0.319 -0.38   0.018 -0.343]]
Learning Rate : 5
Distance measure: 2.798
Time taken to converge as per expectation: inf s