
Playing the asymmetric EigenGame (Variant a, rmsprop)...
Time taken: 171.96915888786316s
EigenVectors obtained through EigenGame:
[[ 0.379 -0.207 -0.494  0.275  0.289 -0.273 -0.579]
 [ 0.379 -0.223  0.442  0.382  0.18  -0.481  0.448]
 [ 0.375  0.268 -0.334  0.268 -0.752 -0.02   0.197]
 [ 0.377  0.422 -0.158 -0.68   0.22  -0.337  0.173]
 [ 0.38  -0.605 -0.233 -0.254  0.062  0.504  0.339]
 [ 0.377 -0.163  0.573 -0.294 -0.369  0.034 -0.527]
 [ 0.378  0.515  0.203  0.303  0.361  0.571 -0.052]]
EigenVectors obtained through numpy:
[[ 0.379 -0.207 -0.574  0.01   0.274 -0.514 -0.381]
 [ 0.379 -0.223  0.192  0.558  0.161 -0.21   0.624]
 [ 0.375  0.268 -0.403  0.033 -0.764  0.075  0.185]
 [ 0.377  0.422  0.193 -0.658  0.258 -0.214  0.312]
 [ 0.38  -0.605 -0.079 -0.332  0.075  0.603  0.057]
 [ 0.377 -0.163  0.654  0.009 -0.355 -0.22  -0.479]
 [ 0.377  0.515  0.018  0.38   0.343  0.477 -0.319]]
Learning Rate : 0.0001
Distance measure: 1.004
Time taken to converge as per expectation: inf s