
Playing the asymmetric EigenGame (Variant c)...
EigenVectors obtained through EigenGame:
[[-0.448 -0.641  0.219  0.535 -0.231]
 [-0.449  0.69  -0.067  0.543  0.151]
 [-0.443 -0.29  -0.469 -0.239  0.665]
 [-0.447  0.129  0.739 -0.475  0.111]
 [-0.449  0.108 -0.425 -0.369 -0.685]]
EigenVectors obtained through numpy:
[[-0.448 -0.603  0.382  0.48  -0.243]
 [-0.449  0.669 -0.094  0.568  0.14 ]
 [-0.443 -0.357 -0.447 -0.168  0.67 ]
 [-0.447  0.242  0.641 -0.563  0.121]
 [-0.449  0.044 -0.484 -0.321 -0.677]]
Learning Rate : 5
Distance measure: 0.289