
Playing the asymmetric EigenGame (Variant a, rmsprop)...
Time taken: 192.16546487808228s
EigenVectors obtained through EigenGame:
[[ 0.361 -0.225 -0.596 -0.05   0.258  0.296 -0.561]
 [ 0.372 -0.24   0.164  0.528  0.221 -0.638 -0.102]
 [ 0.378  0.251 -0.42   0.068 -0.737 -0.176  0.151]
 [ 0.37   0.404  0.193 -0.692  0.217 -0.327 -0.142]
 [ 0.401 -0.62  -0.083 -0.346  0.098  0.082  0.629]
 [ 0.369 -0.18   0.631  0.031 -0.366  0.431 -0.288]
 [ 0.394  0.498 -0.011  0.338  0.389  0.419  0.392]]
EigenVectors obtained through numpy:
[[ 0.379 -0.207 -0.574  0.01   0.274  0.381 -0.514]
 [ 0.379 -0.223  0.192  0.558  0.161 -0.624 -0.21 ]
 [ 0.375  0.268 -0.403  0.033 -0.764 -0.185  0.075]
 [ 0.377  0.422  0.193 -0.658  0.258 -0.312 -0.214]
 [ 0.38  -0.605 -0.079 -0.332  0.075 -0.057  0.603]
 [ 0.377 -0.163  0.654  0.009 -0.355  0.479 -0.22 ]
 [ 0.377  0.515  0.018  0.38   0.343  0.319  0.477]]
Learning Rate : 0.05
Distance measure: 0.318
Time taken to converge as per expectation: inf s