
Playing the asymmetric EigenGame (Variant c, momentum)...
Time taken: 182.13379907608032s
EigenVectors obtained through EigenGame:
[[ 0.379 -0.458 -0.301 -0.091 -0.562 -0.016 -0.503]
 [ 0.379 -0.295 -0.093 -0.222 -0.051 -0.392  0.759]
 [ 0.375 -0.043  0.008 -0.56   0.663 -0.017 -0.32 ]
 [ 0.378  0.032  0.607 -0.141 -0.242  0.618  0.144]
 [ 0.379  0.195  0.507  0.399  0.    -0.578 -0.202]
 [ 0.377 -0.215 -0.295  0.668  0.386  0.359  0.08 ]
 [ 0.378  0.785 -0.435 -0.058 -0.187  0.032  0.034]]
EigenVectors obtained through numpy:
[[ 0.379 -0.514 -0.01  -0.381 -0.274 -0.207 -0.574]
 [ 0.379 -0.21  -0.558  0.624 -0.161 -0.223  0.192]
 [ 0.375  0.075 -0.033  0.185  0.764  0.268 -0.403]
 [ 0.377 -0.214  0.658  0.312 -0.258  0.422  0.193]
 [ 0.38   0.603  0.332  0.057 -0.075 -0.605 -0.079]
 [ 0.377 -0.22  -0.009 -0.479  0.355 -0.163  0.654]
 [ 0.377  0.477 -0.38  -0.319 -0.343  0.515  0.018]]
Learning Rate : 1e-09
Distance measure: 2.31
Time taken to converge as per expectation: inf s