
Playing the asymmetric EigenGame (Variant b, rmsprop)...
Time taken: 213.31440711021423s
EigenVectors obtained through EigenGame:
[[ 0.379 -0.22   0.514 -0.211  0.274  0.372 -0.496]
 [ 0.379 -0.236 -0.392 -0.479  0.21  -0.61  -0.156]
 [ 0.375  0.255  0.355 -0.171 -0.757 -0.214  0.079]
 [ 0.377  0.409  0.042  0.685  0.233 -0.333 -0.212]
 [ 0.38  -0.617  0.164  0.266  0.086 -0.041  0.622]
 [ 0.377 -0.175 -0.635  0.181 -0.34   0.462 -0.203]
 [ 0.377  0.502 -0.156 -0.353  0.36   0.344  0.501]]
EigenVectors obtained through numpy:
[[ 0.379 -0.207  0.574 -0.01   0.274  0.381 -0.514]
 [ 0.379 -0.223 -0.192 -0.558  0.161 -0.624 -0.21 ]
 [ 0.375  0.268  0.403 -0.033 -0.764 -0.185  0.075]
 [ 0.377  0.422 -0.193  0.658  0.258 -0.312 -0.214]
 [ 0.38  -0.605  0.079  0.332  0.075 -0.057  0.603]
 [ 0.377 -0.163 -0.654 -0.009 -0.355  0.479 -0.22 ]
 [ 0.377  0.515 -0.018 -0.38   0.343  0.319  0.477]]
Learning Rate : 0.05
Distance measure: 0.497
Time taken to converge as per expectation: inf s