
Playing the asymmetric EigenGame (Variant c, adagrad)...
Time taken: 463.3461949825287s
EigenVectors obtained through EigenGame:
[[-0.315  0.236 -0.16  -0.421 -0.122  0.142  0.274 -0.021 -0.509  0.52 ]
 [-0.316  0.502 -0.255 -0.214 -0.334 -0.433 -0.286  0.153  0.334 -0.145]
 [-0.317 -0.087  0.151  0.165  0.13  -0.214  0.686  0.367  0.388  0.147]
 [-0.32  -0.455 -0.1   -0.433  0.221  0.041 -0.135  0.441 -0.204 -0.436]
 [-0.315  0.482 -0.11   0.129  0.467  0.366  0.173 -0.27  -0.003 -0.43 ]
 [-0.317 -0.343 -0.208  0.26  -0.435 -0.235  0.248 -0.467 -0.233 -0.303]
 [-0.317 -0.271 -0.51   0.277  0.345  0.006 -0.351 -0.101  0.196  0.448]
 [-0.315  0.06   0.184  0.457 -0.428  0.507 -0.214  0.399 -0.088  0.016]
 [-0.315 -0.205  0.423 -0.399 -0.131  0.29  -0.11  -0.425  0.465  0.098]
 [-0.315  0.091  0.59   0.181  0.285 -0.464 -0.287 -0.08  -0.347  0.092]]
EigenVectors obtained through numpy:
[[-0.315  0.224  0.052 -0.461  0.003 -0.061  0.315  0.005 -0.703  0.198]
 [-0.316  0.501 -0.133 -0.354 -0.426 -0.036 -0.291  0.247  0.415  0.069]
 [-0.317 -0.087  0.088  0.183  0.092 -0.562  0.577  0.182  0.36   0.176]
 [-0.32  -0.465  0.044 -0.388  0.256  0.188 -0.028  0.423  0.09  -0.49 ]
 [-0.315  0.5   -0.094  0.12   0.529  0.061  0.037 -0.407  0.112 -0.405]
 [-0.317 -0.323 -0.315  0.084 -0.448 -0.378 -0.154 -0.416 -0.176 -0.342]
 [-0.317 -0.22  -0.603  0.102  0.322  0.162 -0.218  0.025  0.004  0.546]
 [-0.315  0.066 -0.029  0.497 -0.376  0.581  0.342  0.185 -0.093 -0.103]
 [-0.315 -0.25   0.531 -0.184 -0.073  0.28  -0.038 -0.526  0.261  0.303]
 [-0.315  0.066  0.464  0.407  0.117 -0.232 -0.54   0.277 -0.275  0.054]]
Learning Rate : 50
Distance measure: 1.514
Time taken to converge as per expectation: inf s