
Playing the asymmetric EigenGame (Variant b, rmsprop)...
Time taken: 325.6808581352234s
EigenVectors obtained through EigenGame:
[[ 0.379 -0.207 -0.565  0.099  0.274 -0.343  0.54 ]
 [ 0.379 -0.223  0.075 -0.588  0.149  0.637  0.164]
 [ 0.375  0.268 -0.398  0.065 -0.765  0.179 -0.089]
 [ 0.377  0.422  0.32   0.601  0.272  0.326  0.191]
 [ 0.38  -0.605 -0.011  0.34   0.083  0.013 -0.606]
 [ 0.377 -0.163  0.641 -0.131 -0.354 -0.462  0.254]
 [ 0.377  0.515 -0.06  -0.383  0.335 -0.353 -0.454]]
EigenVectors obtained through numpy:
[[ 0.379 -0.207 -0.574 -0.01   0.274 -0.381  0.514]
 [ 0.379 -0.223  0.192 -0.558  0.161  0.624  0.21 ]
 [ 0.375  0.268 -0.403 -0.033 -0.764  0.185 -0.075]
 [ 0.377  0.422  0.193  0.658  0.258  0.312  0.214]
 [ 0.38  -0.605 -0.079  0.332  0.075  0.057 -0.603]
 [ 0.377 -0.163  0.654 -0.009 -0.355 -0.479  0.22 ]
 [ 0.377  0.515  0.018 -0.38   0.343 -0.319 -0.477]]
Learning Rate : 0.001
Distance measure: 0.304
Time taken to converge as per expectation: inf s