
Playing the asymmetric EigenGame (Variant a, adagrad)...
Time taken: 191.1605668067932s
EigenVectors obtained through EigenGame:
[[ 0.379 -0.154 -0.362 -0.246 -0.022 -0.798  0.075]
 [ 0.379  0.257  0.121 -0.067 -0.874  0.126  0.022]
 [ 0.375  0.076  0.608 -0.552  0.325  0.078  0.254]
 [ 0.377  0.24  -0.657 -0.113  0.213  0.477  0.269]
 [ 0.38  -0.587 -0.025 -0.102  0.035  0.29  -0.642]
 [ 0.377 -0.408  0.181  0.65   0.046  0.004  0.485]
 [ 0.377  0.58   0.14   0.43   0.284 -0.176 -0.457]]
EigenVectors obtained through numpy:
[[ 0.379 -0.207  0.01  -0.574  0.274 -0.381  0.514]
 [ 0.379 -0.223  0.558  0.192  0.161  0.624  0.21 ]
 [ 0.375  0.268  0.033 -0.403 -0.764  0.185 -0.075]
 [ 0.377  0.422 -0.658  0.193  0.258  0.312  0.214]
 [ 0.38  -0.605 -0.332 -0.079  0.075  0.057 -0.603]
 [ 0.377 -0.163  0.009  0.654 -0.355 -0.479  0.22 ]
 [ 0.377  0.515  0.38   0.018  0.343 -0.319 -0.477]]
Learning Rate : 0.1
Distance measure: 2.316
Time taken to converge as per expectation: inf s