
Playing the asymmetric EigenGame (Variant a, rmsprop)...
Time taken: 172.03360891342163s
EigenVectors obtained through EigenGame:
[[ 0.379  0.207 -0.574  0.006  0.273  0.02   0.639]
 [ 0.379  0.223  0.171 -0.567  0.152  0.619 -0.219]
 [ 0.375 -0.268 -0.402 -0.006 -0.766  0.098 -0.173]
 [ 0.377 -0.422  0.216  0.646  0.268  0.377 -0.024]
 [ 0.38   0.605 -0.067  0.334  0.08  -0.329 -0.511]
 [ 0.377  0.162  0.654 -0.027 -0.353 -0.24   0.469]
 [ 0.377 -0.515  0.003 -0.386  0.337 -0.546 -0.18 ]]
EigenVectors obtained through numpy:
[[ 0.379  0.207 -0.574 -0.01   0.274 -0.381  0.514]
 [ 0.379  0.223  0.192 -0.558  0.161  0.624  0.21 ]
 [ 0.375 -0.268 -0.403 -0.033 -0.764  0.185 -0.075]
 [ 0.377 -0.422  0.193  0.658  0.258  0.312  0.214]
 [ 0.38   0.605 -0.079  0.332  0.075  0.057 -0.603]
 [ 0.377  0.163  0.654 -0.009 -0.355 -0.479  0.22 ]
 [ 0.377 -0.515  0.018 -0.38   0.343 -0.319 -0.477]]
Learning Rate : 0.0001
Distance measure: 0.926
Time taken to converge as per expectation: inf s