
Playing the asymmetric EigenGame (Variant a, momentum)...
Time taken: 186.25565910339355s
EigenVectors obtained through EigenGame:
[[ 0.379  0.207  0.574  0.001  0.273  0.377  0.517]
 [ 0.379  0.223 -0.182  0.561  0.16  -0.625  0.204]
 [ 0.375 -0.268  0.404  0.023 -0.764 -0.186 -0.077]
 [ 0.377 -0.422 -0.204 -0.654  0.261 -0.313  0.211]
 [ 0.38   0.605  0.074 -0.333  0.077 -0.052 -0.604]
 [ 0.377  0.163 -0.654  0.019 -0.355  0.477  0.224]
 [ 0.377 -0.515 -0.012  0.382  0.341  0.324 -0.475]]
EigenVectors obtained through numpy:
[[ 0.379  0.207  0.574  0.01   0.274  0.381  0.514]
 [ 0.379  0.223 -0.192  0.558  0.161 -0.624  0.21 ]
 [ 0.375 -0.268  0.403  0.033 -0.764 -0.185 -0.075]
 [ 0.377 -0.422 -0.193 -0.658  0.258 -0.312  0.214]
 [ 0.38   0.605  0.079 -0.332  0.075 -0.057 -0.603]
 [ 0.377  0.163 -0.654  0.009 -0.355  0.479  0.22 ]
 [ 0.377 -0.515 -0.018  0.38   0.343  0.319 -0.477]]
Learning Rate : 5e-07
Distance measure: 0.027
Time taken to converge as per expectation: inf s