
Playing the asymmetric EigenGame (Variant c, rmsprop)...
Time taken: 194.35190391540527s
EigenVectors obtained through EigenGame:
[[ 0.379  0.21   0.524  0.237  0.276 -0.386 -0.505]
 [ 0.379  0.226  0.077 -0.59   0.16   0.623 -0.216]
 [ 0.375 -0.265  0.376  0.148 -0.762  0.189  0.075]
 [ 0.377 -0.419 -0.459  0.502  0.265  0.311 -0.216]
 [ 0.38   0.608 -0.072  0.33   0.081  0.069  0.605]
 [ 0.377  0.166 -0.582 -0.296 -0.351 -0.479 -0.21 ]
 [ 0.377 -0.512  0.155 -0.355  0.343 -0.309  0.485]]
EigenVectors obtained through numpy:
[[ 0.379  0.207  0.574 -0.01   0.274 -0.381 -0.514]
 [ 0.379  0.223 -0.192 -0.558  0.161  0.624 -0.21 ]
 [ 0.375 -0.268  0.403 -0.033 -0.764  0.185  0.075]
 [ 0.377 -0.422 -0.193  0.658  0.258  0.312 -0.214]
 [ 0.38   0.605  0.079  0.332  0.075  0.057  0.603]
 [ 0.377  0.163 -0.654 -0.009 -0.355 -0.479 -0.22 ]
 [ 0.377 -0.515 -0.018 -0.38   0.343 -0.319  0.477]]
Learning Rate : 0.01
Distance measure: 0.638
Time taken to converge as per expectation: inf s