
Playing the asymmetric EigenGame (Variant a, momentum)...
Time taken: 299.7196080684662s
EigenVectors obtained through EigenGame:
[[ 0.379  0.372  0.559  0.06   0.196 -0.221 -0.569]
 [ 0.379  0.313 -0.553  0.478 -0.386 -0.263 -0.072]
 [ 0.375 -0.424 -0.299  0.233  0.489  0.458 -0.297]
 [ 0.377 -0.565  0.461  0.289 -0.403 -0.081  0.261]
 [ 0.38   0.042 -0.093 -0.629 -0.483  0.413 -0.181]
 [ 0.377  0.467  0.147  0.054  0.281  0.322  0.665]
 [ 0.377 -0.211 -0.222 -0.481  0.314 -0.625  0.197]]
EigenVectors obtained through numpy:
[[ 0.379  0.207 -0.01   0.514  0.381 -0.274 -0.574]
 [ 0.379  0.223 -0.558  0.21  -0.624 -0.161  0.192]
 [ 0.375 -0.268 -0.033 -0.075 -0.185  0.764 -0.403]
 [ 0.377 -0.422  0.658  0.214 -0.312 -0.258  0.193]
 [ 0.38   0.605  0.332 -0.603 -0.057 -0.075 -0.079]
 [ 0.377  0.163 -0.009  0.22   0.479  0.355  0.654]
 [ 0.377 -0.515 -0.38  -0.477  0.319 -0.343  0.018]]
Learning Rate : 5e-09
Distance measure: 1.736
Time taken to converge as per expectation: inf s