
Playing the asymmetric EigenGame (Variant a, momentum)...
Time taken: 174.18479895591736s
EigenVectors obtained through EigenGame:
[[-0.484 -0.092 -0.467  0.453  0.478  0.233 -0.247]
 [-0.417 -0.129  0.171  0.257 -0.431  0.071  0.41 ]
 [-0.349  0.331 -0.413  0.118 -0.186 -0.582  0.03 ]
 [-0.416  0.502  0.238 -0.304  0.695  0.014  0.475]
 [-0.236 -0.558 -0.405 -0.688  0.179  0.09   0.3  ]
 [-0.417 -0.07   0.509 -0.266 -0.165 -0.117 -0.658]
 [-0.261  0.545 -0.319 -0.278 -0.095  0.761  0.146]]
EigenVectors obtained through numpy:
[[-0.379 -0.207 -0.574  0.514 -0.01   0.274 -0.381]
 [-0.379 -0.223  0.192  0.21  -0.558  0.161  0.624]
 [-0.375  0.268 -0.403 -0.075 -0.033 -0.764  0.185]
 [-0.377  0.422  0.193  0.214  0.658  0.258  0.312]
 [-0.38  -0.605 -0.079 -0.603  0.332  0.075  0.057]
 [-0.377 -0.163  0.654  0.22  -0.009 -0.355 -0.479]
 [-0.377  0.515  0.018 -0.477 -0.38   0.343 -0.319]]
Learning Rate : 0.5
Distance measure: 1.452
Time taken to converge as per expectation: inf s