
Playing the asymmetric EigenGame (Variant c, momentum)...
Time taken: 304.58481097221375s
EigenVectors obtained through EigenGame:
[[-0.248  0.336  0.057  0.237  0.798  0.479  0.043]
 [-0.327  0.294 -0.263 -0.535 -0.279 -0.207  0.267]
 [-0.365 -0.221 -0.271 -0.214 -0.147 -0.415 -0.301]
 [-0.326 -0.32  -0.451 -0.326 -0.093 -0.346 -0.016]
 [-0.476  0.589  0.627  0.264 -0.214 -0.254 -0.587]
 [-0.355  0.3    0.433  0.468  0.443  0.342  0.474]
 [-0.489 -0.461  0.265  0.465 -0.114 -0.504 -0.516]]
EigenVectors obtained through numpy:
[[-0.379  0.207  0.514  0.381  0.274 -0.574  0.01 ]
 [-0.379  0.223  0.21  -0.624  0.161  0.192  0.558]
 [-0.375 -0.268 -0.075 -0.185 -0.764 -0.403  0.033]
 [-0.377 -0.422  0.214 -0.312  0.258  0.193 -0.658]
 [-0.38   0.605 -0.603 -0.057  0.075 -0.079 -0.332]
 [-0.377  0.163  0.22   0.479 -0.355  0.654  0.009]
 [-0.377 -0.515 -0.477  0.319  0.343  0.018  0.38 ]]
Learning Rate : 0.001
Distance measure: 2.972
Time taken to converge as per expectation: inf s