
Playing the asymmetric EigenGame (Variant a, adagrad)...
Time taken: 194.31091976165771s
EigenVectors obtained through EigenGame:
[[ 0.509 -0.115  0.43   0.152  0.398 -0.013  0.01 ]
 [ 0.198  0.662  0.377  0.595  0.333  0.56   0.106]
 [ 0.273 -0.012  0.349  0.532  0.221 -0.017  0.602]
 [ 0.489  0.29   0.445  0.364  0.564  0.448  0.241]
 [ 0.246  0.644  0.462  0.408  0.404  0.542  0.527]
 [ 0.289  0.09   0.028 -0.028  0.36   0.433  0.437]
 [ 0.494  0.203  0.372  0.201  0.266  0.056  0.315]]
EigenVectors obtained through numpy:
[[-0.379  0.207  0.514 -0.381 -0.01  -0.574 -0.274]
 [-0.379  0.223  0.21   0.624 -0.558  0.192 -0.161]
 [-0.375 -0.268 -0.075  0.185 -0.033 -0.403  0.764]
 [-0.377 -0.422  0.214  0.312  0.658  0.193 -0.258]
 [-0.38   0.605 -0.603  0.057  0.332 -0.079 -0.075]
 [-0.377  0.163  0.22  -0.479 -0.009  0.654  0.355]
 [-0.377 -0.515 -0.477 -0.319 -0.38   0.018 -0.343]]
Learning Rate : 0.0005
Distance measure: 3.517
Time taken to converge as per expectation: inf s