
Playing the asymmetric EigenGame (Variant b, adagrad)...
Time taken: 195.48325777053833s
EigenVectors obtained through EigenGame:
[[-0.379  0.073 -0.561  0.195  0.25   0.166  0.639]
 [-0.379  0.218  0.004 -0.545  0.363  0.505 -0.352]
 [-0.375 -0.37  -0.389 -0.041 -0.691  0.14  -0.273]
 [-0.377 -0.303  0.479  0.625  0.173  0.322 -0.108]
 [-0.38   0.596 -0.131  0.332  0.006 -0.465 -0.397]
 [-0.377  0.301  0.532 -0.26  -0.437 -0.053  0.474]
 [-0.377 -0.522  0.067 -0.307  0.329 -0.613  0.018]]
EigenVectors obtained through numpy:
[[-0.379  0.207 -0.574 -0.01   0.274  0.514  0.381]
 [-0.379  0.223  0.192 -0.558  0.161  0.21  -0.624]
 [-0.375 -0.268 -0.403 -0.033 -0.764 -0.075 -0.185]
 [-0.377 -0.422  0.193  0.658  0.258  0.214 -0.312]
 [-0.38   0.605 -0.079  0.332  0.075 -0.603 -0.057]
 [-0.377  0.163  0.654 -0.009 -0.355  0.22   0.479]
 [-0.377 -0.515  0.018 -0.38   0.343 -0.477  0.319]]
Learning Rate : 10
Distance measure: 1.073
Time taken to converge as per expectation: inf s