
Playing the asymmetric EigenGame (Variant c, adagrad)...
Time taken: 245.20976901054382s
EigenVectors obtained through EigenGame:
[[-0.379 -0.204  0.475 -0.383 -0.163 -0.598 -0.238]
 [-0.379 -0.223  0.268  0.539 -0.103 -0.051  0.657]
 [-0.375  0.269  0.163 -0.214  0.823  0.14   0.124]
 [-0.377  0.421 -0.521 -0.371 -0.333 -0.14   0.376]
 [-0.38  -0.605 -0.144 -0.307 -0.116  0.595 -0.088]
 [-0.377 -0.167 -0.543  0.454  0.228 -0.323 -0.415]
 [-0.377  0.516  0.299  0.282 -0.329  0.376 -0.418]]
EigenVectors obtained through numpy:
[[-0.379 -0.207  0.574  0.01  -0.274 -0.514 -0.381]
 [-0.379 -0.223 -0.192  0.558 -0.161 -0.21   0.624]
 [-0.375  0.268  0.403  0.033  0.764  0.075  0.185]
 [-0.377  0.422 -0.193 -0.658 -0.258 -0.214  0.312]
 [-0.38  -0.605  0.079 -0.332 -0.075  0.603  0.057]
 [-0.377 -0.163 -0.654  0.009  0.355 -0.22  -0.479]
 [-0.377  0.515 -0.018  0.38  -0.343  0.477 -0.319]]
Learning Rate : 5
Distance measure: 1.107
Time taken to converge as per expectation: inf s