
Playing the asymmetric EigenGame (Variant c, momentum)...
Time taken: 194.98356080055237s
EigenVectors obtained through EigenGame:
[[ 0.379  0.527 -0.026 -0.257 -0.122  0.091  0.698]
 [ 0.379  0.041 -0.3    0.429 -0.664  0.285 -0.246]
 [ 0.375 -0.279 -0.269 -0.055  0.549  0.631 -0.018]
 [ 0.377 -0.335  0.601 -0.508 -0.302  0.095 -0.17 ]
 [ 0.38   0.539  0.392  0.289  0.367 -0.125 -0.419]
 [ 0.377 -0.489  0.146  0.497  0.109 -0.406  0.421]
 [ 0.377 -0.013 -0.548 -0.399  0.068 -0.569 -0.264]]
EigenVectors obtained through numpy:
[[ 0.379  0.574 -0.01   0.207 -0.274 -0.381  0.514]
 [ 0.379 -0.192 -0.558  0.223 -0.161  0.624  0.21 ]
 [ 0.375  0.403 -0.033 -0.268  0.764  0.185 -0.075]
 [ 0.377 -0.193  0.658 -0.422 -0.258  0.312  0.214]
 [ 0.38   0.079  0.332  0.605 -0.075  0.057 -0.603]
 [ 0.377 -0.654 -0.009  0.163  0.355 -0.479  0.22 ]
 [ 0.377 -0.018 -0.38  -0.515 -0.343 -0.319 -0.477]]
Learning Rate : 5e-08
Distance measure: 1.855
Time taken to converge as per expectation: inf s