
Playing the asymmetric EigenGame (Variant a, momentum)...
Time taken: 168.97256207466125s
EigenVectors obtained through EigenGame:
[[-0.484 -0.262  0.609 -0.116  0.39  -0.259 -0.418]
 [-0.417 -0.297  0.127  0.184 -0.449 -0.068  0.394]
 [-0.349  0.16   0.11  -0.557 -0.13   0.719 -0.2  ]
 [-0.416  0.327 -0.411  0.049  0.619  0.142  0.254]
 [-0.236 -0.718 -0.445 -0.448  0.408  0.266  0.218]
 [-0.417 -0.238 -0.381  0.553 -0.085  0.206 -0.638]
 [-0.261  0.373 -0.298 -0.367 -0.268 -0.528 -0.334]]
EigenVectors obtained through numpy:
[[-0.379 -0.207  0.514 -0.574 -0.01  -0.274 -0.381]
 [-0.379 -0.223  0.21   0.192 -0.558 -0.161  0.624]
 [-0.375  0.268 -0.075 -0.403 -0.033  0.764  0.185]
 [-0.377  0.422  0.214  0.193  0.658 -0.258  0.312]
 [-0.38  -0.605 -0.603 -0.079  0.332 -0.075  0.057]
 [-0.377 -0.163  0.22   0.654 -0.009  0.355 -0.479]
 [-0.377  0.515 -0.477  0.018 -0.38  -0.343 -0.319]]
Learning Rate : 0.5
Distance measure: 1.527
Time taken to converge as per expectation: inf s