
Playing the asymmetric EigenGame (Variant b, adagrad)...
Time taken: 205.22673177719116s
EigenVectors obtained through EigenGame:
[[ 0.379 -0.081  0.545  0.394 -0.32  -0.208  0.505]
 [ 0.379 -0.086 -0.741 -0.104 -0.414  0.04   0.334]
 [ 0.375  0.266  0.054  0.123 -0.453 -0.119 -0.738]
 [ 0.377 -0.548  0.189 -0.64   0.122 -0.295 -0.119]
 [ 0.38  -0.337 -0.238  0.586  0.548  0.006 -0.201]
 [ 0.377  0.089  0.237 -0.176  0.066  0.874  0.026]
 [ 0.377  0.703 -0.043 -0.189  0.449 -0.299  0.186]]
EigenVectors obtained through numpy:
[[ 0.379  0.01   0.381  0.207 -0.514 -0.574  0.274]
 [ 0.379  0.558 -0.624  0.223 -0.21   0.192  0.161]
 [ 0.375  0.033 -0.185 -0.268  0.075 -0.403 -0.764]
 [ 0.377 -0.658 -0.312 -0.422 -0.214  0.193  0.258]
 [ 0.38  -0.332 -0.057  0.605  0.603 -0.079  0.075]
 [ 0.377  0.009  0.479  0.163 -0.22   0.654 -0.355]
 [ 0.377  0.38   0.319 -0.515  0.477  0.018  0.343]]
Learning Rate : 1
Distance measure: 1.843
Time taken to converge as per expectation: inf s