
Playing the asymmetric EigenGame (Variant a, rmsprop)...
Time taken: 182.51763701438904s
EigenVectors obtained through EigenGame:
[[-0.205  0.228  0.146 -0.706 -0.273  0.354 -0.023]
 [-0.298  0.289 -0.002  0.203 -0.367 -0.283  0.52 ]
 [-0.38  -0.135  0.196 -0.36   0.484  0.415  0.471]
 [-0.295 -0.323 -0.754 -0.449  0.277 -0.123  0.309]
 [-0.546  0.771 -0.136 -0.147  0.68  -0.059  0.039]
 [-0.292  0.23  -0.583  0.297  0.046  0.725  0.06 ]
 [-0.505 -0.308  0.117  0.139 -0.123 -0.279 -0.638]]
EigenVectors obtained through numpy:
[[-0.379  0.207  0.514 -0.574 -0.01  -0.274 -0.381]
 [-0.379  0.223  0.21   0.192 -0.558 -0.161  0.624]
 [-0.375 -0.268 -0.075 -0.403 -0.033  0.764  0.185]
 [-0.377 -0.422  0.214  0.193  0.658 -0.258  0.312]
 [-0.38   0.605 -0.603 -0.079  0.332 -0.075  0.057]
 [-0.377  0.163  0.22   0.654 -0.009  0.355 -0.479]
 [-0.377 -0.515 -0.477  0.018 -0.38  -0.343 -0.319]]
Learning Rate : 0.5
Distance measure: 2.28
Time taken to converge as per expectation: inf s