
Playing the asymmetric EigenGame (Variant c, adagrad)...
Time taken: 189.60800170898438s
EigenVectors obtained through EigenGame:
[[-0.379  0.206  0.563 -0.107  0.261 -0.309  0.566]
 [-0.379  0.223 -0.289 -0.51   0.205  0.64   0.111]
 [-0.375 -0.268  0.388 -0.124 -0.754  0.206 -0.102]
 [-0.377 -0.422 -0.07   0.688  0.257  0.33   0.163]
 [-0.38   0.605  0.139  0.314  0.065 -0.04  -0.605]
 [-0.377  0.163 -0.646  0.101 -0.375 -0.422  0.291]
 [-0.377 -0.515 -0.086 -0.362  0.333 -0.405 -0.423]]
EigenVectors obtained through numpy:
[[-0.379  0.207  0.574 -0.01   0.274 -0.381  0.514]
 [-0.379  0.223 -0.192 -0.558  0.161  0.624  0.21 ]
 [-0.375 -0.268  0.403 -0.033 -0.764  0.185 -0.075]
 [-0.377 -0.422 -0.193  0.658  0.258  0.312  0.214]
 [-0.38   0.605  0.079  0.332  0.075  0.057 -0.603]
 [-0.377  0.163 -0.654 -0.009 -0.355 -0.479  0.22 ]
 [-0.377 -0.515 -0.018 -0.38   0.343 -0.319 -0.477]]
Learning Rate : 35
Distance measure: 0.346
Time taken to converge as per expectation: inf s