
Playing the asymmetric EigenGame (Variant c)...
EigenVectors obtained through EigenGame:
[[ 0.448 -0.579 -0.464 -0.434  0.244]
 [ 0.449  0.662 -0.573  0.114 -0.138]
 [ 0.443 -0.384  0.151  0.431 -0.67 ]
 [ 0.447  0.281  0.583 -0.605 -0.123]
 [ 0.449  0.015  0.306  0.497  0.676]]
EigenVectors obtained through numpy:
[[ 0.448 -0.603 -0.48  -0.382  0.243]
 [ 0.449  0.669 -0.568  0.094 -0.14 ]
 [ 0.443 -0.357  0.168  0.447 -0.67 ]
 [ 0.447  0.242  0.563 -0.641 -0.121]
 [ 0.449  0.044  0.321  0.484  0.677]]
Learning Rate : 10
Distance measure: 0.099