
Playing the asymmetric EigenGame (Variant a, momentum)...
Time taken: 215.3317928314209s
EigenVectors obtained through EigenGame:
[[-0.255 -0.327  0.49  -0.534 -0.106 -0.263 -0.042]
 [-0.323 -0.324  0.15   0.277 -0.447  0.067  0.268]
 [-0.382  0.17   0.407 -0.315  0.395  0.614 -0.286]
 [-0.32   0.3   -0.49  -0.623  0.077 -0.339  0.259]
 [-0.505 -0.641  0.155  0.08   0.772 -0.237  0.192]
 [-0.319 -0.266 -0.483  0.029 -0.164  0.065 -0.791]
 [-0.474  0.433  0.273  0.378 -0.066 -0.611 -0.338]]
EigenVectors obtained through numpy:
[[-0.379 -0.207  0.574  0.01  -0.514 -0.274 -0.381]
 [-0.379 -0.223 -0.192  0.558 -0.21  -0.161  0.624]
 [-0.375  0.268  0.403  0.033  0.075  0.764  0.185]
 [-0.377  0.422 -0.193 -0.658 -0.214 -0.258  0.312]
 [-0.38  -0.605  0.079 -0.332  0.603 -0.075  0.057]
 [-0.377 -0.163 -0.654  0.009 -0.22   0.355 -0.479]
 [-0.377  0.515 -0.018  0.38   0.477 -0.343 -0.319]]
Learning Rate : 0.01
Distance measure: 1.643
Time taken to converge as per expectation: inf s