
Playing the asymmetric EigenGame (Variant c)...
Time taken: 533.3100962638855s
EigenVectors obtained through EigenGame:
[[ 0.315 -0.224  0.059  0.46   0.02  -0.057  0.302  0.038 -0.708 -0.194]
 [ 0.316 -0.501 -0.128  0.355  0.412  0.116 -0.303 -0.262  0.396 -0.071]
 [ 0.317  0.087  0.085 -0.183  0.113 -0.557  0.567 -0.261  0.326 -0.178]
 [ 0.32   0.465  0.05   0.388 -0.305  0.087 -0.061 -0.426  0.053  0.49 ]
 [ 0.315 -0.5   -0.096 -0.117 -0.517 -0.13   0.072  0.39   0.151  0.404]
 [ 0.317  0.323 -0.316 -0.08   0.553 -0.197 -0.121  0.441 -0.131  0.343]
 [ 0.317  0.221 -0.605 -0.092 -0.359  0.037 -0.219 -0.008  0.004 -0.546]
 [ 0.315 -0.066 -0.036 -0.498  0.143  0.677  0.322 -0.201 -0.117  0.104]
 [ 0.315  0.25   0.533  0.176 -0.031  0.287  0.008  0.501  0.309 -0.305]
 [ 0.315 -0.066  0.458 -0.414 -0.028 -0.261 -0.565 -0.206 -0.287 -0.052]]
EigenVectors obtained through numpy:
[[ 0.315 -0.224  0.052  0.461 -0.003 -0.061  0.315 -0.005 -0.703 -0.198]
 [ 0.316 -0.501 -0.133  0.354  0.426 -0.036 -0.291 -0.247  0.415 -0.069]
 [ 0.317  0.087  0.088 -0.183 -0.092 -0.562  0.577 -0.182  0.36  -0.176]
 [ 0.32   0.465  0.044  0.388 -0.256  0.188 -0.028 -0.423  0.09   0.49 ]
 [ 0.315 -0.5   -0.094 -0.12  -0.529  0.061  0.037  0.407  0.112  0.405]
 [ 0.317  0.323 -0.315 -0.084  0.448 -0.378 -0.154  0.416 -0.176  0.342]
 [ 0.317  0.22  -0.603 -0.102 -0.322  0.162 -0.218 -0.025  0.004 -0.546]
 [ 0.315 -0.066 -0.029 -0.497  0.376  0.581  0.342 -0.185 -0.093  0.103]
 [ 0.315  0.25   0.531  0.184  0.073  0.28  -0.038  0.526  0.261 -0.303]
 [ 0.315 -0.066  0.464 -0.407 -0.117 -0.232 -0.54  -0.277 -0.275 -0.054]]
Learning Rate : 1e-06
Distance measure: 0.54
Time taken to converge as per expectation: inf s