
Playing the asymmetric EigenGame (Variant a, momentum)...
Time taken: 219.89496397972107s
EigenVectors obtained through EigenGame:
[[-0.479 -0.095 -0.32   0.369 -0.024  0.027 -0.813]
 [-0.415 -0.13   0.44   0.348 -0.465 -0.321  0.087]
 [-0.351  0.331 -0.227 -0.278  0.315 -0.609 -0.048]
 [-0.414  0.501  0.296  0.196  0.6    0.491  0.346]
 [-0.244 -0.556 -0.318 -0.565  0.081  0.237  0.203]
 [-0.415 -0.071  0.678 -0.414  0.382  0.201 -0.397]
 [-0.268  0.547 -0.059 -0.369 -0.415  0.434 -0.102]]
EigenVectors obtained through numpy:
[[-0.379 -0.207 -0.574  0.514 -0.01   0.274 -0.381]
 [-0.379 -0.223  0.192  0.21  -0.558  0.161  0.624]
 [-0.375  0.268 -0.403 -0.075 -0.033 -0.764  0.185]
 [-0.377  0.422  0.193  0.214  0.658  0.258  0.312]
 [-0.38  -0.605 -0.079 -0.603  0.332  0.075  0.057]
 [-0.377 -0.163  0.654  0.22  -0.009 -0.355 -0.479]
 [-0.377  0.515  0.018 -0.477 -0.38   0.343 -0.319]]
Learning Rate : 0.001
Distance measure: 1.578
Time taken to converge as per expectation: inf s