
Playing the asymmetric EigenGame (Variant c, momentum)...
Time taken: 267.19619512557983s
EigenVectors obtained through EigenGame:
[[-0.319 -0.615 -0.33   0.114  0.388  0.393  0.154]
 [-0.357  0.303  0.365  0.339  0.245  0.228  0.296]
 [-0.4    0.077  0.15   0.107 -0.038 -0.199 -0.374]
 [-0.364  0.364  0.406  0.316  0.161  0.117  0.198]
 [-0.441 -0.339 -0.556 -0.771 -0.776 -0.709 -0.619]
 [-0.327 -0.522 -0.511 -0.341 -0.078  0.15   0.345]
 [-0.42   0.066 -0.017 -0.225 -0.392 -0.464 -0.456]]
EigenVectors obtained through numpy:
[[-0.379 -0.381 -0.207  0.01   0.274  0.514 -0.574]
 [-0.379  0.624 -0.223  0.558  0.161  0.21   0.192]
 [-0.375  0.185  0.268  0.033 -0.764 -0.075 -0.403]
 [-0.377  0.312  0.422 -0.658  0.258  0.214  0.193]
 [-0.38   0.057 -0.605 -0.332  0.075 -0.603 -0.079]
 [-0.377 -0.479 -0.163  0.009 -0.355  0.22   0.654]
 [-0.377 -0.319  0.515  0.38   0.343 -0.477  0.018]]
Learning Rate : 45
Distance measure: 2.464
Time taken to converge as per expectation: inf s