
Playing the asymmetric EigenGame (Variant c, momentum)...
Time taken: 333.9748589992523s
EigenVectors obtained through EigenGame:
[[-0.379  0.285  0.086  0.125  0.163  0.226  0.455]
 [-0.379  0.31   0.111  0.154  0.205  0.307  0.643]
 [-0.375 -0.181 -0.364 -0.338 -0.311 -0.255  0.132]
 [-0.377 -0.347 -0.527 -0.508 -0.493 -0.467 -0.102]
 [-0.38   0.65   0.432  0.46   0.445  0.315 -0.166]
 [-0.377  0.232  0.034  0.066  0.088  0.101  0.2  ]
 [-0.377 -0.44  -0.618 -0.61  -0.621 -0.68  -0.533]]
EigenVectors obtained through numpy:
[[-0.379  0.207  0.514 -0.381  0.274 -0.574  0.01 ]
 [-0.379  0.223  0.21   0.624  0.161  0.192  0.558]
 [-0.375 -0.268 -0.075  0.185 -0.764 -0.403  0.033]
 [-0.377 -0.422  0.214  0.312  0.258  0.193 -0.658]
 [-0.38   0.605 -0.603  0.057  0.075 -0.079 -0.332]
 [-0.377  0.163  0.22  -0.479 -0.355  0.654  0.009]
 [-0.377 -0.515 -0.477 -0.319  0.343  0.018  0.38 ]]
Learning Rate : 0.5
Distance measure: 3.08
Time taken to converge as per expectation: inf s