
Playing the asymmetric EigenGame (Variant c)...
Time taken: 376.6209771633148s
EigenVectors obtained through EigenGame:
[[-0.315 -0.157 -0.312 -0.299 -0.292 -0.289 -0.136 -0.215 -0.114 -0.072]
 [-0.316 -0.428 -0.574 -0.564 -0.558 -0.553 -0.39  -0.378 -0.168 -0.098]
 [-0.317  0.148 -0.016  0.002  0.011  0.01   0.119 -0.155 -0.219 -0.23 ]
 [-0.32   0.52   0.341  0.363  0.366  0.341  0.338 -0.314 -0.614 -0.679]
 [-0.315 -0.428 -0.574 -0.566 -0.567 -0.583 -0.496 -0.676 -0.526 -0.462]
 [-0.317  0.38   0.209  0.233  0.246  0.256  0.393  0.132 -0.007 -0.053]
 [-0.317  0.279  0.111  0.134  0.151  0.175  0.374  0.296  0.25   0.228]
 [-0.315 -0.003 -0.161 -0.144 -0.13  -0.109  0.095  0.102  0.171  0.179]
 [-0.315  0.307  0.14   0.163  0.178  0.193  0.356  0.183  0.097  0.066]
 [-0.315 -0.003 -0.162 -0.143 -0.126 -0.094  0.157  0.286  0.394  0.408]]
EigenVectors obtained through numpy:
[[-0.315 -0.224 -0.052 -0.461 -0.198  0.003  0.061  0.315 -0.005  0.703]
 [-0.316 -0.501  0.133 -0.354 -0.069 -0.426  0.036 -0.291 -0.247 -0.415]
 [-0.317  0.087 -0.088  0.183 -0.176  0.092  0.562  0.577 -0.182 -0.36 ]
 [-0.32   0.465 -0.044 -0.388  0.49   0.256 -0.188 -0.028 -0.423 -0.09 ]
 [-0.315 -0.5    0.094  0.12   0.405  0.529 -0.061  0.037  0.407 -0.112]
 [-0.317  0.323  0.315  0.084  0.342 -0.448  0.378 -0.154  0.416  0.176]
 [-0.317  0.22   0.603  0.102 -0.546  0.322 -0.162 -0.218 -0.025 -0.004]
 [-0.315 -0.066  0.029  0.497  0.103 -0.376 -0.581  0.342 -0.185  0.093]
 [-0.315  0.25  -0.531 -0.184 -0.303 -0.073 -0.28  -0.038  0.526 -0.261]
 [-0.315 -0.066 -0.464  0.407 -0.054  0.117  0.232 -0.54  -0.277  0.275]]
Learning Rate : 0.05
Distance measure: 4.009
Time taken to converge as per expectation: inf s