
Playing the asymmetric EigenGame (Variant b, momentum)...
Time taken: 238.45458793640137s
EigenVectors obtained through EigenGame:
[[-0.382 -0.585 -0.352  0.392  0.317 -0.321 -0.23 ]
 [-0.418  0.177 -0.32   0.132  0.263  0.828  0.079]
 [-0.382  0.272 -0.42  -0.264 -0.55  -0.296  0.594]
 [-0.355 -0.338  0.064 -0.58   0.172  0.19   0.342]
 [-0.241  0.154  0.686  0.611  0.074 -0.198  0.133]
 [-0.37  -0.273  0.35  -0.137 -0.624 -0.015 -0.518]
 [-0.461  0.583  0.004 -0.176  0.323 -0.22  -0.431]]
EigenVectors obtained through numpy:
[[-0.379  0.01   0.514  0.207  0.274 -0.574 -0.381]
 [-0.379  0.558  0.21   0.223  0.161  0.192  0.624]
 [-0.375  0.033 -0.075 -0.268 -0.764 -0.403  0.185]
 [-0.377 -0.658  0.214 -0.422  0.258  0.193  0.312]
 [-0.38  -0.332 -0.603  0.605  0.075 -0.079  0.057]
 [-0.377  0.009  0.22   0.163 -0.355  0.654 -0.479]
 [-0.377  0.38  -0.477 -0.515  0.343  0.018 -0.319]]
Learning Rate : 1e-06
Distance measure: 2.458
Time taken to converge as per expectation: inf s