
Playing the asymmetric EigenGame (Variant c, momentum)...
Time taken: 197.25333404541016s
EigenVectors obtained through EigenGame:
[[ 0.379  0.207 -0.546  0.185 -0.252  0.374 -0.526]
 [ 0.379  0.223  0.348  0.48  -0.178 -0.623 -0.188]
 [ 0.375 -0.268 -0.373  0.132  0.76  -0.215  0.081]
 [ 0.377 -0.422 -0.012 -0.679 -0.288 -0.307 -0.203]
 [ 0.38   0.605 -0.175 -0.292 -0.083 -0.033  0.605]
 [ 0.377  0.163  0.628 -0.193  0.368  0.456 -0.237]
 [ 0.377 -0.515  0.129  0.366 -0.319  0.349  0.467]]
EigenVectors obtained through numpy:
[[ 0.379  0.207 -0.574  0.01  -0.274  0.381 -0.514]
 [ 0.379  0.223  0.192  0.558 -0.161 -0.624 -0.21 ]
 [ 0.375 -0.268 -0.403  0.033  0.764 -0.185  0.075]
 [ 0.377 -0.422  0.193 -0.658 -0.258 -0.312 -0.214]
 [ 0.38   0.605 -0.079 -0.332 -0.075 -0.057  0.603]
 [ 0.377  0.163  0.654  0.009  0.355  0.479 -0.22 ]
 [ 0.377 -0.515  0.018  0.38  -0.343  0.319  0.477]]
Learning Rate : 5e-07
Distance measure: 0.432
Time taken to converge as per expectation: inf s