
Playing the asymmetric EigenGame (Variant c, momentum)...
Time taken: 206.0651819705963s
EigenVectors obtained through EigenGame:
[[ 0.379 -0.057  0.576 -0.532 -0.476  0.121 -0.103]
 [ 0.379  0.691 -0.167  0.094 -0.105 -0.426 -0.393]
 [ 0.375 -0.362 -0.345  0.501 -0.588  0.133 -0.006]
 [ 0.377 -0.565 -0.078 -0.189  0.338 -0.606 -0.081]
 [ 0.38   0.168  0.454  0.432  0.214 -0.082  0.613]
 [ 0.377 -0.071  0.1    0.154  0.492  0.572 -0.493]
 [ 0.377  0.189 -0.547 -0.46   0.122  0.292  0.459]]
EigenVectors obtained through numpy:
[[ 0.379  0.01   0.207 -0.274 -0.574  0.381 -0.514]
 [ 0.379  0.558  0.223 -0.161  0.192 -0.624 -0.21 ]
 [ 0.375  0.033 -0.268  0.764 -0.403 -0.185  0.075]
 [ 0.377 -0.658 -0.422 -0.258  0.193 -0.312 -0.214]
 [ 0.38  -0.332  0.605 -0.075 -0.079 -0.057  0.603]
 [ 0.377  0.009  0.163  0.355  0.654  0.479 -0.22 ]
 [ 0.377  0.38  -0.515 -0.343  0.018  0.319  0.477]]
Learning Rate : 5e-08
Distance measure: 1.523
Time taken to converge as per expectation: inf s