
Playing the asymmetric EigenGame (Variant c, adagrad)...
Time taken: 213.40679574012756s
EigenVectors obtained through EigenGame:
[[ 0.379 -0.067 -0.494 -0.295  0.547 -0.053  0.466]
 [ 0.379 -0.29  -0.259  0.499 -0.435  0.456  0.251]
 [ 0.375  0.356 -0.219 -0.34  -0.622 -0.424 -0.017]
 [ 0.377  0.394  0.59  -0.264  0.044  0.488  0.21 ]
 [ 0.38  -0.554  0.047 -0.391  0.024  0.146 -0.607]
 [ 0.377 -0.308  0.511  0.317  0.103 -0.591  0.211]
 [ 0.377  0.477 -0.174  0.474  0.335 -0.028 -0.512]]
EigenVectors obtained through numpy:
[[ 0.379 -0.207 -0.574  0.01   0.381  0.274  0.514]
 [ 0.379 -0.223  0.192  0.558 -0.624  0.161  0.21 ]
 [ 0.375  0.268 -0.403  0.033 -0.185 -0.764 -0.075]
 [ 0.377  0.422  0.193 -0.658 -0.312  0.258  0.214]
 [ 0.38  -0.605 -0.079 -0.332 -0.057  0.075 -0.603]
 [ 0.377 -0.163  0.654  0.009  0.479 -0.355  0.22 ]
 [ 0.377  0.515  0.018  0.38   0.319  0.343 -0.477]]
Learning Rate : 10
Distance measure: 1.459
Time taken to converge as per expectation: inf s