
Playing the asymmetric EigenGame (Variant c, adagrad)...
Time taken: 228.8138768672943s
EigenVectors obtained through EigenGame:
[[ 0.38   0.458  0.335  0.394 -0.463 -0.281  0.504]
 [ 0.38   0.375  0.145 -0.063  0.06   0.692 -0.541]
 [ 0.375 -0.345  0.321  0.431  0.192  0.129 -0.219]
 [ 0.376  0.382 -0.74   0.247  0.158 -0.225 -0.115]
 [ 0.379 -0.354 -0.098 -0.5   -0.63  -0.259 -0.313]
 [ 0.377 -0.509 -0.302  0.061  0.13   0.353  0.53 ]
 [ 0.377 -0.011  0.339 -0.584  0.553 -0.428  0.119]]
EigenVectors obtained through numpy:
[[ 0.379  0.274  0.01   0.514 -0.207 -0.574  0.381]
 [ 0.379  0.161  0.558  0.21  -0.223  0.192 -0.624]
 [ 0.375 -0.764  0.033 -0.075  0.268 -0.403 -0.185]
 [ 0.377  0.258 -0.658  0.214  0.422  0.193 -0.312]
 [ 0.38   0.075 -0.332 -0.603 -0.605 -0.079 -0.057]
 [ 0.377 -0.355  0.009  0.22  -0.163  0.654  0.479]
 [ 0.377  0.343  0.38  -0.477  0.515  0.018  0.319]]
Learning Rate : 0.05
Distance measure: 1.764
Time taken to converge as per expectation: inf s