
Playing the asymmetric EigenGame (Variant c, adagrad)...
Time taken: 445.66862893104553s
EigenVectors obtained through EigenGame:
[[-0.315  0.169  0.255  0.367 -0.151 -0.225 -0.459 -0.039  0.073 -0.614]
 [-0.316  0.322  0.511  0.11  -0.321 -0.182  0.444  0.047 -0.3    0.3  ]
 [-0.317 -0.033 -0.16   0.157  0.487 -0.318  0.366 -0.593  0.156 -0.045]
 [-0.32  -0.254 -0.408  0.4   -0.093  0.048 -0.303 -0.063 -0.531  0.342]
 [-0.315  0.4    0.133  0.145  0.404  0.537 -0.227  0.106  0.291  0.318]
 [-0.317 -0.522  0.244 -0.201 -0.294 -0.122 -0.217 -0.113  0.503  0.339]
 [-0.317 -0.49   0.174 -0.006  0.066  0.532  0.36   0.134 -0.155 -0.414]
 [-0.315 -0.045  0.073 -0.51   0.459 -0.378 -0.199  0.393 -0.29  -0.014]
 [-0.315  0.131 -0.538  0.109 -0.208 -0.144  0.305  0.533  0.372 -0.07 ]
 [-0.315  0.333 -0.281 -0.578 -0.347  0.251 -0.073 -0.4   -0.115 -0.148]]
EigenVectors obtained through numpy:
[[-0.315  0.224 -0.052  0.461  0.315  0.003 -0.703 -0.061 -0.005 -0.198]
 [-0.316  0.501  0.133  0.354 -0.291 -0.426  0.415 -0.036 -0.247 -0.069]
 [-0.317 -0.087 -0.088 -0.183  0.577  0.092  0.36  -0.562 -0.182 -0.176]
 [-0.32  -0.465 -0.044  0.388 -0.028  0.256  0.09   0.188 -0.423  0.49 ]
 [-0.315  0.5    0.094 -0.12   0.037  0.529  0.112  0.061  0.407  0.405]
 [-0.317 -0.323  0.315 -0.084 -0.154 -0.448 -0.176 -0.378  0.416  0.342]
 [-0.317 -0.22   0.603 -0.102 -0.218  0.322  0.004  0.162 -0.025 -0.546]
 [-0.315  0.066  0.029 -0.497  0.342 -0.376 -0.093  0.581 -0.185  0.103]
 [-0.315 -0.25  -0.531  0.184 -0.038 -0.073  0.261  0.28   0.526 -0.303]
 [-0.315  0.066 -0.464 -0.407 -0.54   0.117 -0.275 -0.232 -0.277 -0.054]]
Learning Rate : 10
Distance measure: 1.964
Time taken to converge as per expectation: inf s