
Playing the asymmetric EigenGame (Variant a, rmsprop)...
Time taken: 173.58462977409363s
EigenVectors obtained through EigenGame:
[[ 0.379 -0.207 -0.574 -0.029  0.273  0.279  0.577]
 [ 0.379 -0.223  0.159  0.563  0.175  0.475 -0.454]
 [ 0.375  0.268 -0.405  0.029 -0.763  0.019 -0.199]
 [ 0.377  0.422  0.23  -0.652  0.241  0.334 -0.176]
 [ 0.38  -0.604 -0.06  -0.338  0.067 -0.508 -0.332]
 [ 0.377 -0.163  0.652  0.056 -0.354 -0.027  0.527]
 [ 0.377  0.515 -0.004  0.372  0.352 -0.571  0.06 ]]
EigenVectors obtained through numpy:
[[ 0.379 -0.207 -0.574  0.01   0.274  0.514  0.381]
 [ 0.379 -0.223  0.192  0.558  0.161  0.21  -0.624]
 [ 0.375  0.268 -0.403  0.033 -0.764 -0.075 -0.185]
 [ 0.377  0.422  0.193 -0.658  0.258  0.214 -0.312]
 [ 0.38  -0.605 -0.079 -0.332  0.075 -0.603 -0.057]
 [ 0.377 -0.163  0.654  0.009 -0.355  0.22   0.479]
 [ 0.377  0.515  0.018  0.38   0.343 -0.477  0.319]]
Learning Rate : 0.0005
Distance measure: 0.683
Time taken to converge as per expectation: inf s