
Playing the asymmetric EigenGame (Variant a, adagrad)...
Time taken: 179.09580779075623s
EigenVectors obtained through EigenGame:
[[-0.379 -0.207 -0.548 -0.17   0.275 -0.375 -0.518]
 [-0.379 -0.223  0.006  0.59   0.159  0.626 -0.204]
 [-0.375  0.268 -0.393 -0.095 -0.765  0.181  0.077]
 [-0.377  0.422  0.39  -0.564  0.257  0.315 -0.211]
 [-0.38  -0.605  0.03  -0.34   0.075  0.052  0.604]
 [-0.377 -0.163  0.618  0.214 -0.352 -0.478 -0.225]
 [-0.377  0.515 -0.103  0.367  0.344 -0.322  0.474]]
EigenVectors obtained through numpy:
[[-0.379 -0.207 -0.574  0.01   0.274 -0.381 -0.514]
 [-0.379 -0.223  0.192  0.558  0.161  0.624 -0.21 ]
 [-0.375  0.268 -0.403  0.033 -0.764  0.185  0.075]
 [-0.377  0.422  0.193 -0.658  0.258  0.312 -0.214]
 [-0.38  -0.605 -0.079 -0.332  0.075  0.057  0.603]
 [-0.377 -0.163  0.654  0.009 -0.355 -0.479 -0.22 ]
 [-0.377  0.515  0.018  0.38   0.343 -0.319  0.477]]
Learning Rate : 20
Distance measure: 0.451
Time taken to converge as per expectation: inf s