
Playing the asymmetric EigenGame (Variant c, rmsprop)...
Time taken: 211.50551891326904s
EigenVectors obtained through EigenGame:
[[ 0.378  0.208  0.465 -0.332  0.275 -0.39   0.508]
 [ 0.38   0.224 -0.477 -0.346  0.169  0.621  0.224]
 [ 0.375 -0.267  0.305 -0.262 -0.762  0.188 -0.07 ]
 [ 0.377 -0.421  0.218  0.654  0.252  0.308  0.222]
 [ 0.381  0.606  0.254  0.23   0.073  0.071 -0.601]
 [ 0.376  0.164 -0.545  0.363 -0.353 -0.482  0.212]
 [ 0.378 -0.514 -0.232 -0.298  0.348 -0.308 -0.482]]
EigenVectors obtained through numpy:
[[ 0.379  0.207  0.574 -0.01   0.274 -0.381  0.514]
 [ 0.379  0.223 -0.192 -0.558  0.161  0.624  0.21 ]
 [ 0.375 -0.268  0.403 -0.033 -0.764  0.185 -0.075]
 [ 0.377 -0.422 -0.193  0.658  0.258  0.312  0.214]
 [ 0.38   0.605  0.079  0.332  0.075  0.057 -0.603]
 [ 0.377  0.163 -0.654 -0.009 -0.355 -0.479  0.22 ]
 [ 0.377 -0.515 -0.018 -0.38   0.343 -0.319 -0.477]]
Learning Rate : 0.005
Distance measure: 0.847
Time taken to converge as per expectation: inf s