
Playing the asymmetric EigenGame (Variant c, rmsprop)...
Time taken: 215.15177989006042s
EigenVectors obtained through EigenGame:
[[ 0.379 -0.206 -0.573  0.032 -0.273  0.401 -0.499]
 [ 0.379 -0.223  0.211  0.552 -0.159  0.36   0.55 ]
 [ 0.375  0.268 -0.402  0.042  0.764 -0.026  0.199]
 [ 0.377  0.422  0.17  -0.662 -0.263  0.285  0.247]
 [ 0.38  -0.604 -0.091 -0.329 -0.078 -0.57   0.209]
 [ 0.377 -0.163  0.654 -0.016  0.355  0.092 -0.519]
 [ 0.377  0.515  0.031  0.382 -0.34  -0.543 -0.188]]
EigenVectors obtained through numpy:
[[ 0.379 -0.207 -0.574  0.01  -0.274  0.514 -0.381]
 [ 0.379 -0.223  0.192  0.558 -0.161  0.21   0.624]
 [ 0.375  0.268 -0.403  0.033  0.764 -0.075  0.185]
 [ 0.377  0.422  0.193 -0.658 -0.258  0.214  0.312]
 [ 0.38  -0.605 -0.079 -0.332 -0.075 -0.603  0.057]
 [ 0.377 -0.163  0.654  0.009  0.355  0.22  -0.479]
 [ 0.377  0.515  0.018  0.38  -0.343 -0.477 -0.319]]
Learning Rate : 0.0005
Distance measure: 0.365
Time taken to converge as per expectation: inf s