
Playing the asymmetric EigenGame (Variant c, momentum)...
Time taken: 198.98722624778748s
EigenVectors obtained through EigenGame:
[[-0.379 -0.29  -0.616 -0.361  0.486  0.578  0.386]
 [-0.379 -0.306  0.253  0.432  0.644  0.003 -0.493]
 [-0.375  0.173 -0.41   0.362 -0.151 -0.659 -0.42 ]
 [-0.377  0.322  0.024  0.055  0.311 -0.129  0.254]
 [-0.38  -0.677 -0.309 -0.606 -0.425 -0.009 -0.371]
 [-0.377 -0.247  0.53  -0.01  -0.194 -0.43   0.336]
 [-0.377  0.412 -0.105 -0.425 -0.103 -0.174 -0.341]]
EigenVectors obtained through numpy:
[[-0.379 -0.207 -0.574 -0.381  0.514  0.274 -0.01 ]
 [-0.379 -0.223  0.192  0.624  0.21   0.161 -0.558]
 [-0.375  0.268 -0.403  0.185 -0.075 -0.764 -0.033]
 [-0.377  0.422  0.193  0.312  0.214  0.258  0.658]
 [-0.38  -0.605 -0.079  0.057 -0.603  0.075  0.332]
 [-0.377 -0.163  0.654 -0.479  0.22  -0.355 -0.009]
 [-0.377  0.515  0.018 -0.319 -0.477  0.343 -0.38 ]]
Learning Rate : 0.0001
Distance measure: 1.782
Time taken to converge as per expectation: inf s