
Playing the asymmetric EigenGame (Variant c, adagrad)...
Time taken: 252.1426510810852s
EigenVectors obtained through EigenGame:
[[ 0.379 -0.484  0.089  0.357  0.181 -0.598 -0.31 ]
 [ 0.379 -0.111 -0.152 -0.711  0.174 -0.29   0.452]
 [ 0.375 -0.222  0.565  0.202 -0.425  0.245  0.46 ]
 [ 0.377  0.677 -0.126  0.436  0.293 -0.134  0.304]
 [ 0.38  -0.351 -0.54   0.148  0.195  0.613 -0.034]
 [ 0.377  0.258 -0.319 -0.111 -0.733 -0.131 -0.347]
 [ 0.377  0.237  0.491 -0.32   0.309  0.295 -0.524]]
EigenVectors obtained through numpy:
[[ 0.379 -0.574 -0.207 -0.01   0.274 -0.514 -0.381]
 [ 0.379  0.192 -0.223 -0.558  0.161 -0.21   0.624]
 [ 0.375 -0.403  0.268 -0.033 -0.764  0.075  0.185]
 [ 0.377  0.193  0.422  0.658  0.258 -0.214  0.312]
 [ 0.38  -0.079 -0.605  0.332  0.075  0.603  0.057]
 [ 0.377  0.654 -0.163 -0.009 -0.355 -0.22  -0.479]
 [ 0.377  0.018  0.515 -0.38   0.343  0.477 -0.319]]
Learning Rate : 1
Distance measure: 1.42
Time taken to converge as per expectation: inf s