
Playing the asymmetric EigenGame (Variant b, rmsprop)...
Time taken: 311.0869801044464s
EigenVectors obtained through EigenGame:
[[ 0.379  0.207  0.573  0.028  0.275  0.213 -0.603]
 [ 0.379  0.223 -0.21   0.55   0.162 -0.658 -0.019]
 [ 0.375 -0.268  0.402  0.05  -0.764 -0.152  0.126]
 [ 0.377 -0.422 -0.171 -0.665  0.253 -0.361 -0.114]
 [ 0.38   0.605  0.09  -0.33   0.074  0.122  0.594]
 [ 0.377  0.163 -0.654 -0.01  -0.354  0.394 -0.35 ]
 [ 0.377 -0.515 -0.031  0.378  0.346  0.445  0.364]]
EigenVectors obtained through numpy:
[[ 0.379  0.207  0.574  0.01   0.274  0.381 -0.514]
 [ 0.379  0.223 -0.192  0.558  0.161 -0.624 -0.21 ]
 [ 0.375 -0.268  0.403  0.033 -0.764 -0.185  0.075]
 [ 0.377 -0.422 -0.193 -0.658  0.258 -0.312 -0.214]
 [ 0.38   0.605  0.079 -0.332  0.075 -0.057  0.603]
 [ 0.377  0.163 -0.654  0.009 -0.355  0.479 -0.22 ]
 [ 0.377 -0.515 -0.018  0.38   0.343  0.319  0.477]]
Learning Rate : 0.0005
Distance measure: 0.421
Time taken to converge as per expectation: inf s