
Playing the asymmetric EigenGame (Variant a, momentum)...
Time taken: 183.02025389671326s
EigenVectors obtained through EigenGame:
[[ 0.379  0.154  0.422  0.361 -0.453  0.25   0.506]
 [ 0.379  0.204  0.216 -0.55   0.097 -0.624  0.259]
 [ 0.375 -0.291  0.229  0.32   0.782  0.07   0.048]
 [ 0.377 -0.375 -0.615  0.333 -0.243 -0.4    0.091]
 [ 0.38   0.61  -0.016  0.279 -0.015 -0.085 -0.63 ]
 [ 0.377  0.225 -0.516 -0.385  0.144  0.573  0.206]
 [ 0.377 -0.535  0.28  -0.357 -0.306  0.219 -0.477]]
EigenVectors obtained through numpy:
[[ 0.379  0.207  0.574 -0.01  -0.274  0.381  0.514]
 [ 0.379  0.223 -0.192 -0.558 -0.161 -0.624  0.21 ]
 [ 0.375 -0.268  0.403 -0.033  0.764 -0.185 -0.075]
 [ 0.377 -0.422 -0.193  0.658 -0.258 -0.312  0.214]
 [ 0.38   0.605  0.079  0.332 -0.075 -0.057 -0.603]
 [ 0.377  0.163 -0.654 -0.009  0.355  0.479  0.22 ]
 [ 0.377 -0.515 -0.018 -0.38  -0.343  0.319 -0.477]]
Learning Rate : 1e-07
Distance measure: 1.153
Time taken to converge as per expectation: inf s