
Playing the asymmetric EigenGame (Variant a, momentum)...
Time taken: 177.98408198356628s
EigenVectors obtained through EigenGame:
[[-0.483 -0.093 -0.239  0.604  0.008  0.277 -0.41 ]
 [-0.416 -0.129  0.098  0.073  0.703 -0.415  0.078]
 [-0.349  0.331 -0.213  0.286  0.17   0.333  0.811]
 [-0.415  0.502  0.664  0.439 -0.136 -0.095  0.209]
 [-0.238 -0.558 -0.125 -0.336 -0.599 -0.355 -0.049]
 [-0.416 -0.07   0.592 -0.127  0.316  0.711  0.117]
 [-0.263  0.545 -0.285 -0.475 -0.011 -0.019 -0.329]]
EigenVectors obtained through numpy:
[[-0.379 -0.207 -0.574  0.514  0.01   0.381 -0.274]
 [-0.379 -0.223  0.192  0.21   0.558 -0.624 -0.161]
 [-0.375  0.268 -0.403 -0.075  0.033 -0.185  0.764]
 [-0.377  0.422  0.193  0.214 -0.658 -0.312 -0.258]
 [-0.38  -0.605 -0.079 -0.603 -0.332 -0.057 -0.075]
 [-0.377 -0.163  0.654  0.22   0.009  0.479  0.355]
 [-0.377  0.515  0.018 -0.477  0.38   0.319 -0.343]]
Learning Rate : 0.005
Distance measure: 1.606
Time taken to converge as per expectation: inf s