
Playing the asymmetric EigenGame (Variant a, rmsprop)...
Time taken: 192.23316717147827s
EigenVectors obtained through EigenGame:
[[ 0.361  0.219 -0.594  0.014  0.237  0.288  0.551]
 [ 0.372  0.236  0.175  0.566  0.15  -0.661  0.124]
 [ 0.378 -0.254 -0.422  0.057 -0.772 -0.193 -0.144]
 [ 0.37  -0.409  0.181 -0.653  0.221 -0.358  0.149]
 [ 0.401  0.619 -0.09  -0.308  0.079  0.01  -0.622]
 [ 0.369  0.176  0.63   0.024 -0.39   0.427  0.254]
 [ 0.394 -0.5   -0.001  0.392  0.344  0.363 -0.432]]
EigenVectors obtained through numpy:
[[ 0.379  0.207 -0.574  0.01   0.274  0.381  0.514]
 [ 0.379  0.223  0.192  0.558  0.161 -0.624  0.21 ]
 [ 0.375 -0.268 -0.403  0.033 -0.764 -0.185 -0.075]
 [ 0.377 -0.422  0.193 -0.658  0.258 -0.312  0.214]
 [ 0.38   0.605 -0.079 -0.332  0.075 -0.057 -0.603]
 [ 0.377  0.163  0.654  0.009 -0.355  0.479  0.22 ]
 [ 0.377 -0.515  0.018  0.38   0.343  0.319 -0.477]]
Learning Rate : 0.05
Distance measure: 0.231
Time taken to converge as per expectation: inf s