
Playing the asymmetric EigenGame (Variant c, adagrad)...
Time taken: 244.36079382896423s
EigenVectors obtained through EigenGame:
[[ 0.379  0.589  0.172  0.482  0.467 -0.174 -0.034]
 [ 0.379 -0.338  0.681  0.164 -0.395 -0.281  0.114]
 [ 0.375  0.335 -0.39   0.118 -0.613  0.214  0.395]
 [ 0.377 -0.123  0.261 -0.176  0.249  0.829 -0.   ]
 [ 0.38  -0.346 -0.301 -0.269  0.418 -0.311  0.546]
 [ 0.377  0.321  0.015 -0.695 -0.114 -0.246 -0.451]
 [ 0.377 -0.434 -0.442  0.374 -0.019 -0.025 -0.573]]
EigenVectors obtained through numpy:
[[ 0.379  0.207  0.514  0.574  0.274 -0.01  -0.381]
 [ 0.379  0.223  0.21  -0.192  0.161 -0.558  0.624]
 [ 0.375 -0.268 -0.075  0.403 -0.764 -0.033  0.185]
 [ 0.377 -0.422  0.214 -0.193  0.258  0.658  0.312]
 [ 0.38   0.605 -0.603  0.079  0.075  0.332  0.057]
 [ 0.377  0.163  0.22  -0.654 -0.355 -0.009 -0.479]
 [ 0.377 -0.515 -0.477 -0.018  0.343 -0.38  -0.319]]
Learning Rate : 0.1
Distance measure: 2.282
Time taken to converge as per expectation: inf s