
Playing the asymmetric EigenGame (Variant c)...
Time taken: 385.84159326553345s
EigenVectors obtained through EigenGame:
[[ 0.315 -0.223  0.023  0.462 -0.028  0.061 -0.302 -0.119  0.699  0.195]
 [ 0.316 -0.5    0.193  0.346  0.406  0.08   0.434  0.001 -0.359  0.071]
 [ 0.317  0.086 -0.117 -0.175 -0.14   0.544 -0.166 -0.629 -0.278  0.177]
 [ 0.32   0.465  0.012  0.381 -0.252 -0.212  0.357 -0.248  0.008 -0.489]
 [ 0.315 -0.5    0.077 -0.154 -0.515 -0.113 -0.317  0.195 -0.204 -0.405]
 [ 0.317  0.326  0.296 -0.116  0.412  0.423 -0.251  0.398  0.065 -0.344]
 [ 0.317  0.225  0.577 -0.206 -0.298 -0.192  0.155  0.156 -0.006  0.546]
 [ 0.315 -0.067 -0.048 -0.475  0.452 -0.546 -0.084 -0.355  0.15  -0.103]
 [ 0.315  0.246 -0.497  0.269  0.09  -0.269 -0.339  0.3   -0.378  0.304]
 [ 0.315 -0.07  -0.522 -0.336 -0.125  0.223  0.506  0.303  0.306  0.053]]
EigenVectors obtained through numpy:
[[ 0.315 -0.224 -0.052  0.461 -0.003  0.061  0.005 -0.315  0.703  0.198]
 [ 0.316 -0.501  0.133  0.354  0.426  0.036  0.247  0.291 -0.415  0.069]
 [ 0.317  0.087 -0.088 -0.183 -0.092  0.562  0.182 -0.577 -0.36   0.176]
 [ 0.32   0.465 -0.044  0.388 -0.256 -0.188  0.423  0.028 -0.09  -0.49 ]
 [ 0.315 -0.5    0.094 -0.12  -0.529 -0.061 -0.407 -0.037 -0.112 -0.405]
 [ 0.317  0.323  0.315 -0.084  0.448  0.378 -0.416  0.154  0.176 -0.342]
 [ 0.317  0.22   0.603 -0.102 -0.322 -0.162  0.025  0.218 -0.004  0.546]
 [ 0.315 -0.066  0.029 -0.497  0.376 -0.581  0.185 -0.342  0.093 -0.103]
 [ 0.315  0.25  -0.531  0.184  0.073 -0.28  -0.526  0.038 -0.261  0.303]
 [ 0.315 -0.066 -0.464 -0.407 -0.117  0.232  0.277  0.54   0.275  0.054]]
Learning Rate : 5e-07
Distance measure: 1.02
Time taken to converge as per expectation: inf s