
Playing the asymmetric EigenGame (Variant c, adagrad)...
Time taken: 194.57078385353088s
EigenVectors obtained through EigenGame:
[[-0.379 -0.208  0.064  0.572  0.269 -0.327  0.55 ]
 [-0.379 -0.222  0.543 -0.238  0.155  0.641  0.145]
 [-0.375  0.268  0.053  0.396 -0.766  0.179 -0.094]
 [-0.377  0.421 -0.667 -0.134  0.272  0.332  0.181]
 [-0.38  -0.605 -0.322  0.107  0.081 -0.005 -0.606]
 [-0.377 -0.162 -0.053 -0.654 -0.352 -0.453  0.268]
 [-0.377  0.516  0.383 -0.048  0.335 -0.368 -0.442]]
EigenVectors obtained through numpy:
[[-0.379 -0.207  0.01   0.574  0.274 -0.381  0.514]
 [-0.379 -0.223  0.558 -0.192  0.161  0.624  0.21 ]
 [-0.375  0.268  0.033  0.403 -0.764  0.185 -0.075]
 [-0.377  0.422 -0.658 -0.193  0.258  0.312  0.214]
 [-0.38  -0.605 -0.332  0.079  0.075  0.057 -0.603]
 [-0.377 -0.163  0.009 -0.654 -0.355 -0.479  0.22 ]
 [-0.377  0.515  0.38  -0.018  0.343 -0.319 -0.477]]
Learning Rate : 20
Distance measure: 0.19
Time taken to converge as per expectation: inf s