
Playing the asymmetric EigenGame (Variant c)...
Time taken: 383.8610191345215s
EigenVectors obtained through EigenGame:
[[ 0.315  0.053  0.221  0.383  0.257 -0.033 -0.355  0.023 -0.678  0.219]
 [ 0.316 -0.052  0.528  0.045  0.54  -0.003  0.281 -0.276  0.408  0.056]
 [ 0.317  0.084 -0.11  -0.13  -0.107 -0.526 -0.616 -0.091  0.401  0.163]
 [ 0.32  -0.1   -0.45   0.481 -0.019  0.159 -0.017 -0.419  0.086 -0.494]
 [ 0.315  0.027  0.506  0.181 -0.518 -0.004  0.022  0.412  0.089 -0.407]
 [ 0.317 -0.365 -0.249 -0.364  0.351 -0.335  0.18   0.387 -0.207 -0.335]
 [ 0.317 -0.626 -0.083  0.048 -0.372  0.106  0.217 -0.057  0.01   0.546]
 [ 0.315  0.04   0.054 -0.586 -0.017  0.645 -0.32  -0.138 -0.073 -0.101]
 [ 0.315  0.442 -0.357  0.181  0.158  0.278  0.147  0.52   0.252  0.297]
 [ 0.315  0.505 -0.052 -0.245 -0.274 -0.283  0.459 -0.356 -0.293  0.062]]
EigenVectors obtained through numpy:
[[ 0.315  0.052  0.224  0.461 -0.003 -0.061 -0.315 -0.005 -0.703  0.198]
 [ 0.316 -0.133  0.501  0.354  0.426 -0.036  0.291 -0.247  0.415  0.069]
 [ 0.317  0.088 -0.087 -0.183 -0.092 -0.562 -0.577 -0.182  0.36   0.176]
 [ 0.32   0.044 -0.465  0.388 -0.256  0.188  0.028 -0.423  0.09  -0.49 ]
 [ 0.315 -0.094  0.5   -0.12  -0.529  0.061 -0.037  0.407  0.112 -0.405]
 [ 0.317 -0.315 -0.323 -0.084  0.448 -0.378  0.154  0.416 -0.176 -0.342]
 [ 0.317 -0.603 -0.22  -0.102 -0.322  0.162  0.218 -0.025  0.004  0.546]
 [ 0.315 -0.029  0.066 -0.497  0.376  0.581 -0.342 -0.185 -0.093 -0.103]
 [ 0.315  0.531 -0.25   0.184  0.073  0.28   0.038  0.526  0.261  0.303]
 [ 0.315  0.464  0.066 -0.407 -0.117 -0.232  0.54  -0.277 -0.275  0.054]]
Learning Rate : 5e-07
Distance measure: 0.927
Time taken to converge as per expectation: inf s