
Playing the asymmetric EigenGame (Variant b, adagrad)...
Time taken: 201.48075413703918s
EigenVectors obtained through EigenGame:
[[ 0.379 -0.169  0.568  0.343  0.085 -0.52  -0.336]
 [ 0.379  0.343  0.449  0.146 -0.047  0.718  0.053]
 [ 0.375 -0.54   0.108 -0.56   0.417  0.127  0.22 ]
 [ 0.377  0.325 -0.074  0.085 -0.079 -0.375  0.765]
 [ 0.38   0.173 -0.11  -0.549 -0.624 -0.126 -0.329]
 [ 0.377 -0.526 -0.45   0.486 -0.313  0.204  0.007]
 [ 0.377  0.388 -0.494  0.049  0.569 -0.028 -0.376]]
EigenVectors obtained through numpy:
[[ 0.379  0.274  0.574  0.514 -0.207  0.01  -0.381]
 [ 0.379  0.161 -0.192  0.21  -0.223  0.558  0.624]
 [ 0.375 -0.764  0.403 -0.075  0.268  0.033  0.185]
 [ 0.377  0.258 -0.193  0.214  0.422 -0.658  0.312]
 [ 0.38   0.075  0.079 -0.603 -0.605 -0.332  0.057]
 [ 0.377 -0.355 -0.654  0.22  -0.163  0.009 -0.479]
 [ 0.377  0.343 -0.018 -0.477  0.515  0.38  -0.319]]
Learning Rate : 1
Distance measure: 1.938
Time taken to converge as per expectation: inf s