
Playing the asymmetric EigenGame (Variant a, adagrad)...
Time taken: 189.90949392318726s
EigenVectors obtained through EigenGame:
[[ 0.529  0.203  0.66   0.26   0.363  0.367  0.629]
 [ 0.319 -0.031  0.034  0.277  0.379 -0.009  0.191]
 [ 0.282  0.226  0.108  0.481  0.04   0.53   0.166]
 [ 0.112  0.308 -0.004  0.457  0.443  0.442  0.297]
 [ 0.475  0.147  0.02   0.067  0.467  0.217  0.067]
 [ 0.516  0.446  0.376  0.41   0.382  0.346  0.616]
 [ 0.185  0.769  0.641  0.493  0.403  0.472  0.261]]
EigenVectors obtained through numpy:
[[-0.379 -0.207  0.01  -0.381  0.274 -0.574  0.514]
 [-0.379 -0.223  0.558  0.624  0.161  0.192  0.21 ]
 [-0.375  0.268  0.033  0.185 -0.764 -0.403 -0.075]
 [-0.377  0.422 -0.658  0.312  0.258  0.193  0.214]
 [-0.38  -0.605 -0.332  0.057  0.075 -0.079 -0.603]
 [-0.377 -0.163  0.009 -0.479 -0.355  0.654  0.22 ]
 [-0.377  0.515  0.38  -0.319  0.343  0.018 -0.477]]
Learning Rate : 0.0001
Distance measure: 3.675
Time taken to converge as per expectation: inf s