
Playing the asymmetric EigenGame (Variant c, momentum)...
Time taken: 271.72747802734375s
EigenVectors obtained through EigenGame:
[[ 0.333 -0.416 -0.816 -0.579 -0.329 -0.139  0.214]
 [ 0.239 -0.185 -0.184  0.265  0.47  -0.404 -0.452]
 [ 0.376  0.58   0.345 -0.016  0.037 -0.505 -0.293]
 [ 0.28   0.256 -0.117 -0.238  0.01  -0.172 -0.052]
 [ 0.469 -0.266  0.051  0.586  0.78   0.501  0.465]
 [ 0.394 -0.012 -0.334 -0.372 -0.246 -0.343  0.027]
 [ 0.487  0.566  0.232 -0.234 -0.04   0.406  0.667]]
EigenVectors obtained through numpy:
[[ 0.379 -0.207  0.514 -0.381  0.274 -0.01   0.574]
 [ 0.379 -0.223  0.21   0.624  0.161 -0.558 -0.192]
 [ 0.375  0.268 -0.075  0.185 -0.764 -0.033  0.403]
 [ 0.377  0.422  0.214  0.312  0.258  0.658 -0.193]
 [ 0.38  -0.605 -0.603  0.057  0.075  0.332  0.079]
 [ 0.377 -0.163  0.22  -0.479 -0.355 -0.009 -0.654]
 [ 0.377  0.515 -0.477 -0.319  0.343 -0.38  -0.018]]
Learning Rate : 50
Distance measure: 3.151
Time taken to converge as per expectation: inf s