
Playing the asymmetric EigenGame (Variant a, momentum)...
Time taken: 185.4581401348114s
EigenVectors obtained through EigenGame:
[[ 0.379  0.269 -0.525  0.432  0.508  0.503  0.634]
 [ 0.379  0.285  0.309  0.521  0.127  0.463 -0.507]
 [ 0.375 -0.199 -0.483  0.119 -0.652  0.146 -0.208]
 [ 0.377 -0.35  -0.081 -0.576  0.3    0.316 -0.319]
 [ 0.38   0.661 -0.319 -0.179  0.207 -0.238 -0.328]
 [ 0.377  0.226  0.534 -0.207 -0.313 -0.199  0.215]
 [ 0.377 -0.442 -0.054  0.348  0.263 -0.562 -0.208]]
EigenVectors obtained through numpy:
[[ 0.379  0.207 -0.574  0.01   0.274  0.514  0.381]
 [ 0.379  0.223  0.192  0.558  0.161  0.21  -0.624]
 [ 0.375 -0.268 -0.403  0.033 -0.764 -0.075 -0.185]
 [ 0.377 -0.422  0.193 -0.658  0.258  0.214 -0.312]
 [ 0.38   0.605 -0.079 -0.332  0.075 -0.603 -0.057]
 [ 0.377  0.163  0.654  0.009 -0.355  0.22   0.479]
 [ 0.377 -0.515  0.018  0.38   0.343 -0.477  0.319]]
Learning Rate : 5e-05
Distance measure: 1.227
Time taken to converge as per expectation: inf s