
Playing the asymmetric EigenGame (Variant b, adagrad)...
Time taken: 203.3930549621582s
EigenVectors obtained through EigenGame:
[[-0.379  0.207  0.572  0.187  0.206  0.304 -0.563]
 [-0.379  0.223 -0.217  0.542 -0.179 -0.647 -0.12 ]
 [-0.375 -0.268  0.404 -0.394 -0.657 -0.173  0.101]
 [-0.377 -0.422 -0.164 -0.399  0.59  -0.339 -0.168]
 [-0.38   0.605  0.094 -0.226  0.249  0.029  0.605]
 [-0.377  0.163 -0.653 -0.221 -0.283  0.443 -0.285]
 [-0.377 -0.515 -0.036  0.507  0.067  0.384  0.428]]
EigenVectors obtained through numpy:
[[-0.379  0.207  0.574  0.01   0.274  0.381 -0.514]
 [-0.379  0.223 -0.192  0.558  0.161 -0.624 -0.21 ]
 [-0.375 -0.268  0.403  0.033 -0.764 -0.185  0.075]
 [-0.377 -0.422 -0.193 -0.658  0.258 -0.312 -0.214]
 [-0.38   0.605  0.079 -0.332  0.075 -0.057  0.603]
 [-0.377  0.163 -0.654  0.009 -0.355  0.479 -0.22 ]
 [-0.377 -0.515 -0.018  0.38   0.343  0.319  0.477]]
Learning Rate : 25
Distance measure: 0.87
Time taken to converge as per expectation: inf s