
Playing the asymmetric EigenGame (Variant c, rmsprop)...
Time taken: 210.23943209648132s
EigenVectors obtained through EigenGame:
[[ 0.379  0.207  0.574 -0.005  0.274  0.427 -0.477]
 [ 0.379  0.223 -0.177  0.562  0.164 -0.601 -0.265]
 [ 0.375 -0.268  0.404  0.026 -0.764 -0.192  0.058]
 [ 0.377 -0.422 -0.21  -0.654  0.256 -0.291 -0.241]
 [ 0.38   0.605  0.071 -0.334  0.074 -0.112  0.596]
 [ 0.377  0.163 -0.653  0.027 -0.355  0.497 -0.176]
 [ 0.377 -0.515 -0.008  0.379  0.344  0.274  0.505]]
EigenVectors obtained through numpy:
[[ 0.379  0.207  0.574  0.01   0.274  0.381 -0.514]
 [ 0.379  0.223 -0.192  0.558  0.161 -0.624 -0.21 ]
 [ 0.375 -0.268  0.403  0.033 -0.764 -0.185  0.075]
 [ 0.377 -0.422 -0.193 -0.658  0.258 -0.312 -0.214]
 [ 0.38   0.605  0.079 -0.332  0.075 -0.057  0.603]
 [ 0.377  0.163 -0.654  0.009 -0.355  0.479 -0.22 ]
 [ 0.377 -0.515 -0.018  0.38   0.343  0.319  0.477]]
Learning Rate : 0.0005
Distance measure: 0.134
Time taken to converge as per expectation: inf s