
Playing the asymmetric EigenGame (Variant b, adagrad)...
Time taken: 203.9227409362793s
EigenVectors obtained through EigenGame:
[[-0.379  0.033  0.358 -0.57   0.135  0.41   0.465]
 [-0.379 -0.395 -0.407 -0.222  0.26  -0.61   0.221]
 [-0.375  0.241 -0.273 -0.042 -0.843 -0.048  0.11 ]
 [-0.377  0.527  0.424  0.425  0.204 -0.395  0.153]
 [-0.38  -0.43   0.492 -0.066 -0.189 -0.092 -0.611]
 [-0.377 -0.385 -0.175  0.642  0.08   0.474  0.199]
 [-0.377  0.416 -0.423 -0.163  0.347  0.263 -0.534]]
EigenVectors obtained through numpy:
[[-0.379 -0.207 -0.01  -0.574  0.274  0.381  0.514]
 [-0.379 -0.223 -0.558  0.192  0.161 -0.624  0.21 ]
 [-0.375  0.268 -0.033 -0.403 -0.764 -0.185 -0.075]
 [-0.377  0.422  0.658  0.193  0.258 -0.312  0.214]
 [-0.38  -0.605  0.332 -0.079  0.075 -0.057 -0.603]
 [-0.377 -0.163 -0.009  0.654 -0.355  0.479  0.22 ]
 [-0.377  0.515 -0.38   0.018  0.343  0.319 -0.477]]
Learning Rate : 5
Distance measure: 1.129
Time taken to converge as per expectation: inf s