
Playing the asymmetric EigenGame (Variant b, adagrad)...
Time taken: 183.25049996376038s
EigenVectors obtained through EigenGame:
[[-0.379  0.203  0.555 -0.223  0.21  -0.43  -0.478]
 [-0.379  0.224 -0.077  0.453  0.406  0.598 -0.265]
 [-0.375 -0.271  0.427  0.282 -0.694  0.203  0.06 ]
 [-0.377 -0.42  -0.337 -0.652 -0.036  0.288 -0.241]
 [-0.38   0.604  0.01  -0.342 -0.078  0.111  0.596]
 [-0.377  0.168 -0.623  0.296 -0.285 -0.491 -0.176]
 [-0.377 -0.515  0.045  0.189  0.47  -0.281  0.504]]
EigenVectors obtained through numpy:
[[-0.379  0.207  0.574  0.01   0.274 -0.381 -0.514]
 [-0.379  0.223 -0.192  0.558  0.161  0.624 -0.21 ]
 [-0.375 -0.268  0.403  0.033 -0.764  0.185  0.075]
 [-0.377 -0.422 -0.193 -0.658  0.258  0.312 -0.214]
 [-0.38   0.605  0.079 -0.332  0.075  0.057  0.603]
 [-0.377  0.163 -0.654  0.009 -0.355 -0.479 -0.22 ]
 [-0.377 -0.515 -0.018  0.38   0.343 -0.319  0.477]]
Learning Rate : 15
Distance measure: 0.712
Time taken to converge as per expectation: inf s