
Playing the asymmetric EigenGame (Variant a, momentum)...
Time taken: 193.4240119457245s
EigenVectors obtained through EigenGame:
[[ 0.379 -0.138  0.384 -0.045 -0.62  -0.667 -0.046]
 [ 0.379 -0.154 -0.261  0.659  0.296 -0.22  -0.442]
 [ 0.375  0.329  0.379 -0.411  0.454 -0.169 -0.441]
 [ 0.377  0.481 -0.196  0.142 -0.339  0.492 -0.442]
 [ 0.38  -0.53  -0.01   0.033  0.191  0.332 -0.046]
 [ 0.377 -0.095 -0.76  -0.392  0.057 -0.324  0.059]
 [ 0.377  0.573 -0.156  0.468  0.409 -0.144  0.638]]
EigenVectors obtained through numpy:
[[ 0.379 -0.207  0.574  0.274 -0.514 -0.01   0.381]
 [ 0.379 -0.223 -0.192  0.161 -0.21  -0.558 -0.624]
 [ 0.375  0.268  0.403 -0.764  0.075 -0.033 -0.185]
 [ 0.377  0.422 -0.193  0.258 -0.214  0.658 -0.312]
 [ 0.38  -0.605  0.079  0.075  0.603  0.332 -0.057]
 [ 0.377 -0.163 -0.654 -0.355 -0.22  -0.009  0.479]
 [ 0.377  0.515 -0.018  0.343  0.477 -0.38   0.319]]
Learning Rate : 5e-05
Distance measure: 1.617
Time taken to converge as per expectation: inf s