
Playing the asymmetric EigenGame (Variant c, adagrad)...
Time taken: 227.42287302017212s
EigenVectors obtained through EigenGame:
[[ 0.379 -0.191 -0.378  0.369 -0.311 -0.672  0.075]
 [ 0.379 -0.365  0.432 -0.504 -0.319 -0.086 -0.396]
 [ 0.375 -0.038  0.515  0.468  0.599 -0.09  -0.095]
 [ 0.377 -0.267 -0.343 -0.49   0.505  0.025  0.414]
 [ 0.38   0.269  0.334  0.051 -0.409  0.241  0.66 ]
 [ 0.377 -0.209 -0.375  0.322 -0.124  0.681 -0.321]
 [ 0.377  0.801 -0.186 -0.213  0.068 -0.1   -0.344]]
EigenVectors obtained through numpy:
[[ 0.379 -0.514 -0.381 -0.274 -0.207 -0.574 -0.01 ]
 [ 0.379 -0.21   0.624 -0.161 -0.223  0.192 -0.558]
 [ 0.375  0.075  0.185  0.764  0.268 -0.403 -0.033]
 [ 0.377 -0.214  0.312 -0.258  0.422  0.193  0.658]
 [ 0.38   0.603  0.057 -0.075 -0.605 -0.079  0.332]
 [ 0.377 -0.22  -0.479  0.355 -0.163  0.654 -0.009]
 [ 0.377  0.477 -0.319 -0.343  0.515  0.018 -0.38 ]]
Learning Rate : 0.1
Distance measure: 1.66
Time taken to converge as per expectation: inf s