
Playing the asymmetric EigenGame (Variant a, adagrad)...
Time taken: 94.14586973190308s
EigenVectors obtained through EigenGame:
[[ 0.448 -0.6   -0.353  0.531  0.184]
 [ 0.449  0.668  0.145  0.54  -0.196]
 [ 0.443 -0.361  0.438 -0.271 -0.64 ]
 [ 0.447  0.248 -0.678 -0.524 -0.074]
 [ 0.449  0.04   0.45  -0.281  0.716]]
EigenVectors obtained through numpy:
[[ 0.448 -0.603 -0.382  0.48   0.243]
 [ 0.449  0.669  0.094  0.568 -0.14 ]
 [ 0.443 -0.357  0.447 -0.168 -0.67 ]
 [ 0.447  0.242 -0.641 -0.563 -0.121]
 [ 0.449  0.044  0.484 -0.321  0.677]]
Learning Rate : 1
Distance measure: 0.186
Time taken to converge as per expectation: inf s