
Playing the asymmetric EigenGame (Variant c)...
Time taken: 118.58729720115662s
EigenVectors obtained through EigenGame:
[[ 0.448 -0.704 -0.096  0.436 -0.324]
 [ 0.449  0.526  0.448  0.559  0.09 ]
 [ 0.443 -0.303  0.195 -0.343  0.743]
 [ 0.447  0.344 -0.823 -0.039  0.075]
 [ 0.449  0.133  0.274 -0.615 -0.574]]
EigenVectors obtained through numpy:
[[ 0.448 -0.603 -0.382  0.48  -0.243]
 [ 0.449  0.669  0.094  0.568  0.14 ]
 [ 0.443 -0.357  0.447 -0.168  0.67 ]
 [ 0.447  0.242 -0.641 -0.563  0.121]
 [ 0.449  0.044  0.484 -0.321 -0.677]]
Learning Rate : 0.5
Distance measure: 0.906
Time taken to converge as per expectation: inf s