
Playing the asymmetric EigenGame (Variant c, adagrad)...
Time taken: 454.85672092437744s
EigenVectors obtained through EigenGame:
[[-0.315 -0.267 -0.023 -0.368 -0.035 -0.389 -0.421 -0.188 -0.471  0.329]
 [-0.316 -0.26   0.592 -0.214 -0.505  0.122  0.337 -0.143  0.121 -0.116]
 [-0.317  0.181 -0.494  0.256 -0.418 -0.322  0.036 -0.435  0.298 -0.101]
 [-0.32  -0.296  0.178  0.387  0.31   0.379 -0.482 -0.307  0.212 -0.127]
 [-0.315  0.481 -0.042 -0.656  0.28   0.171 -0.114 -0.045  0.334 -0.107]
 [-0.317  0.063  0.214  0.231  0.305 -0.284  0.262  0.187  0.327  0.638]
 [-0.317  0.539  0.263  0.304  0.131 -0.045  0.158 -0.102 -0.577 -0.239]
 [-0.315 -0.101  0.014  0.085 -0.099 -0.313 -0.267  0.711  0.113 -0.428]
 [-0.315 -0.441 -0.408 -0.118  0.384  0.07   0.543  0.    -0.165 -0.226]
 [-0.315  0.1   -0.3    0.082 -0.357  0.609 -0.05   0.329 -0.197  0.377]]
EigenVectors obtained through numpy:
[[-0.315  0.003 -0.052 -0.224 -0.005 -0.315  0.061 -0.461 -0.198  0.703]
 [-0.316 -0.426  0.133 -0.501 -0.247  0.291  0.036 -0.354 -0.069 -0.415]
 [-0.317  0.092 -0.088  0.087 -0.182 -0.577  0.562  0.183 -0.176 -0.36 ]
 [-0.32   0.256 -0.044  0.465 -0.423  0.028 -0.188 -0.388  0.49  -0.09 ]
 [-0.315  0.529  0.094 -0.5    0.407 -0.037 -0.061  0.12   0.405 -0.112]
 [-0.317 -0.448  0.315  0.323  0.416  0.154  0.378  0.084  0.342  0.176]
 [-0.317  0.322  0.603  0.22  -0.025  0.218 -0.162  0.102 -0.546 -0.004]
 [-0.315 -0.376  0.029 -0.066 -0.185 -0.342 -0.581  0.497  0.103  0.093]
 [-0.315 -0.073 -0.531  0.25   0.526  0.038 -0.28  -0.184 -0.303 -0.261]
 [-0.315  0.117 -0.464 -0.066 -0.277  0.54   0.232  0.407 -0.054  0.275]]
Learning Rate : 10
Distance measure: 2.613
Time taken to converge as per expectation: inf s