
Playing the asymmetric EigenGame (Variant a, momentum)...
Time taken: 194.7549750804901s
EigenVectors obtained through EigenGame:
[[-0.254  0.072  0.161 -0.694 -0.495 -0.007  0.21 ]
 [-0.323  0.107 -0.434  0.114 -0.2    0.384 -0.566]
 [-0.382 -0.348  0.362 -0.45   0.635  0.358 -0.11 ]
 [-0.32  -0.516 -0.154  0.137  0.048 -0.603 -0.12 ]
 [-0.506  0.527  0.185  0.206  0.078 -0.33  -0.057]
 [-0.318  0.049 -0.772 -0.356  0.538  0.223  0.599]
 [-0.475 -0.562 -0.03   0.338 -0.115  0.45   0.498]]
EigenVectors obtained through numpy:
[[-0.379  0.207  0.574 -0.514 -0.274  0.01   0.381]
 [-0.379  0.223 -0.192 -0.21  -0.161  0.558 -0.624]
 [-0.375 -0.268  0.403  0.075  0.764  0.033 -0.185]
 [-0.377 -0.422 -0.193 -0.214 -0.258 -0.658 -0.312]
 [-0.38   0.605  0.079  0.603 -0.075 -0.332 -0.057]
 [-0.377  0.163 -0.654 -0.22   0.355  0.009  0.479]
 [-0.377 -0.515 -0.018  0.477 -0.343  0.38   0.319]]
Learning Rate : 50
Distance measure: 1.3
Time taken to converge as per expectation: inf s