
Playing the asymmetric EigenGame (Variant c)...
Time taken: 104.75317811965942s
EigenVectors obtained through EigenGame:
[[ 0.448  0.115 -0.683  0.512  0.237]
 [ 0.449 -0.339  0.597  0.551 -0.146]
 [ 0.443  0.566  0.01  -0.197 -0.667]
 [ 0.447 -0.666 -0.258 -0.529 -0.115]
 [ 0.449  0.329  0.332 -0.341  0.681]]
EigenVectors obtained through numpy:
[[ 0.448 -0.382 -0.603  0.48   0.243]
 [ 0.449  0.094  0.669  0.568 -0.14 ]
 [ 0.443  0.447 -0.357 -0.168 -0.67 ]
 [ 0.447 -0.641  0.242 -0.563 -0.121]
 [ 0.449  0.484  0.044 -0.321  0.677]]
Learning Rate : 10
Distance measure: 0.979
Time taken to converge as per expectation: inf s