
Playing the asymmetric EigenGame (Variant b, rmsprop)...
Time taken: 296.26434779167175s
EigenVectors obtained through EigenGame:
[[ 0.379 -0.207 -0.574  0.011 -0.275 -0.203  0.606]
 [ 0.379 -0.223  0.196  0.554 -0.166 -0.529 -0.39 ]
 [ 0.375  0.269 -0.404  0.045  0.764 -0.043 -0.193]
 [ 0.377  0.423  0.187 -0.663 -0.249 -0.354 -0.133]
 [ 0.38  -0.604 -0.082 -0.333 -0.071  0.462 -0.395]
 [ 0.377 -0.162  0.654  0.008  0.353  0.095  0.519]
 [ 0.377  0.515  0.021  0.375 -0.348  0.574 -0.015]]
EigenVectors obtained through numpy:
[[ 0.379 -0.207 -0.574  0.01  -0.274 -0.514  0.381]
 [ 0.379 -0.223  0.192  0.558 -0.161 -0.21  -0.624]
 [ 0.375  0.268 -0.403  0.033  0.764  0.075 -0.185]
 [ 0.377  0.422  0.193 -0.658 -0.258 -0.214 -0.312]
 [ 0.38  -0.605 -0.079 -0.332 -0.075  0.603 -0.057]
 [ 0.377 -0.163  0.654  0.009  0.355 -0.22   0.479]
 [ 0.377  0.515  0.018  0.38  -0.343  0.477  0.319]]
Learning Rate : 0.001
Distance measure: 0.852
Time taken to converge as per expectation: inf s