
Playing the asymmetric EigenGame (Variant b, rmsprop)...
Time taken: 243.01293802261353s
EigenVectors obtained through EigenGame:
[[0.603 0.513 0.063 0.096 0.487 0.437 0.223]
 [0.238 0.508 0.492 0.296 0.309 0.114 0.479]
 [0.225 0.322 0.045 0.338 0.464 0.599 0.461]
 [0.088 0.297 0.072 0.54  0.111 0.459 0.585]
 [0.579 0.491 0.593 0.46  0.032 0.419 0.268]
 [0.428 0.057 0.545 0.317 0.308 0.044 0.084]
 [0.048 0.205 0.313 0.43  0.587 0.222 0.295]]
EigenVectors obtained through numpy:
[[ 0.207  0.274 -0.514  0.379  0.01   0.574 -0.381]
 [ 0.223  0.161 -0.21   0.379  0.558 -0.192  0.624]
 [-0.268 -0.764  0.075  0.375  0.033  0.403  0.185]
 [-0.422  0.258 -0.214  0.377 -0.658 -0.193  0.312]
 [ 0.605  0.075  0.603  0.38  -0.332  0.079  0.057]
 [ 0.163 -0.355 -0.22   0.377  0.009 -0.654 -0.479]
 [-0.515  0.343  0.477  0.377  0.38  -0.018 -0.319]]
Learning Rate : 5e-08
Distance measure: 2.874
Time taken to converge as per expectation: inf s