
Playing the asymmetric EigenGame (Variant a, momentum)...
Time taken: 187.71772623062134s
EigenVectors obtained through EigenGame:
[[-0.473  0.307  0.592  0.557 -0.253  0.07  -0.073]
 [-0.413  0.305  0.542 -0.058  0.323 -0.53   0.57 ]
 [-0.353 -0.194  0.165  0.212 -0.474  0.42   0.458]
 [-0.412 -0.327 -0.393  0.438 -0.001 -0.621  0.126]
 [-0.253  0.63  -0.409 -0.176 -0.491 -0.123  0.229]
 [-0.413  0.246 -0.064  0.125  0.505  0.293 -0.51 ]
 [-0.275 -0.459  0.052 -0.635 -0.334 -0.226 -0.362]]
EigenVectors obtained through numpy:
[[-0.379  0.207  0.01   0.514 -0.574 -0.274 -0.381]
 [-0.379  0.223  0.558  0.21   0.192 -0.161  0.624]
 [-0.375 -0.268  0.033 -0.075 -0.403  0.764  0.185]
 [-0.377 -0.422 -0.658  0.214  0.193 -0.258  0.312]
 [-0.38   0.605 -0.332 -0.603 -0.079 -0.075  0.057]
 [-0.377  0.163  0.009  0.22   0.654  0.355 -0.479]
 [-0.377 -0.515  0.38  -0.477  0.018 -0.343 -0.319]]
Learning Rate : 0.0005
Distance measure: 1.514
Time taken to converge as per expectation: inf s