
Playing the asymmetric EigenGame (Variant c, rmsprop)...
Time taken: 203.79777097702026s
EigenVectors obtained through EigenGame:
[[ 0.377 -0.204 -0.558 -0.066  0.288 -0.387 -0.51 ]
 [ 0.383 -0.22   0.298 -0.472  0.256  0.619 -0.21 ]
 [ 0.375  0.271 -0.387 -0.262 -0.73   0.184  0.078]
 [ 0.378  0.425  0.066  0.717  0.116  0.307 -0.213]
 [ 0.38  -0.602 -0.139  0.317  0.01   0.056  0.605]
 [ 0.373 -0.16   0.646  0.039 -0.375 -0.483 -0.215]
 [ 0.379  0.518  0.094 -0.298  0.405 -0.321  0.482]]
EigenVectors obtained through numpy:
[[ 0.379 -0.207 -0.574 -0.01   0.274 -0.381 -0.514]
 [ 0.379 -0.223  0.192 -0.558  0.161  0.624 -0.21 ]
 [ 0.375  0.268 -0.403 -0.033 -0.764  0.185  0.075]
 [ 0.377  0.422  0.193  0.658  0.258  0.312 -0.214]
 [ 0.38  -0.605 -0.079  0.332  0.075  0.057  0.603]
 [ 0.377 -0.163  0.654 -0.009 -0.355 -0.479 -0.22 ]
 [ 0.377  0.515  0.018 -0.38   0.343 -0.319  0.477]]
Learning Rate : 0.01
Distance measure: 0.391
Time taken to converge as per expectation: inf s