
Playing the asymmetric EigenGame (Variant b, rmsprop)...
Time taken: 222.52876901626587s
EigenVectors obtained through EigenGame:
[[ 0.379 -0.212  0.57  -0.012  0.271  0.358 -0.529]
 [ 0.379 -0.228 -0.204  0.531  0.214 -0.63  -0.179]
 [ 0.375  0.263  0.399  0.116 -0.758 -0.179  0.086]
 [ 0.377  0.417 -0.185 -0.687  0.185 -0.319 -0.197]
 [ 0.38  -0.609  0.08  -0.342  0.036 -0.025  0.61 ]
 [ 0.377 -0.167 -0.658  0.031 -0.357  0.473 -0.237]
 [ 0.377  0.51  -0.026  0.34   0.378  0.342  0.463]]
EigenVectors obtained through numpy:
[[ 0.379 -0.207  0.574  0.01   0.274  0.381 -0.514]
 [ 0.379 -0.223 -0.192  0.558  0.161 -0.624 -0.21 ]
 [ 0.375  0.268  0.403  0.033 -0.764 -0.185  0.075]
 [ 0.377  0.422 -0.193 -0.658  0.258 -0.312 -0.214]
 [ 0.38  -0.605  0.079 -0.332  0.075 -0.057  0.603]
 [ 0.377 -0.163 -0.654  0.009 -0.355  0.479 -0.22 ]
 [ 0.377  0.515 -0.018  0.38   0.343  0.319  0.477]]
Learning Rate : 0.01
Distance measure: 0.164
Time taken to converge as per expectation: inf s