
Playing the asymmetric EigenGame (Variant b, rmsprop)...
Time taken: 249.4032061100006s
EigenVectors obtained through EigenGame:
[[0.581 0.348 0.552 0.675 0.402 0.009 0.476]
 [0.086 0.102 0.486 0.544 0.426 0.687 0.479]
 [0.297 0.417 0.404 0.404 0.634 0.072 0.14 ]
 [0.624 0.626 0.433 0.05  0.356 0.18  0.196]
 [0.006 0.406 0.004 0.123 0.066 0.425 0.136]
 [0.244 0.355 0.236 0.106 0.343 0.473 0.49 ]
 [0.342 0.111 0.23  0.237 0.071 0.294 0.476]]
EigenVectors obtained through numpy:
[[-0.207 -0.01   0.514 -0.381 -0.274 -0.574  0.379]
 [-0.223 -0.558  0.21   0.624 -0.161  0.192  0.379]
 [ 0.268 -0.033 -0.075  0.185  0.764 -0.403  0.375]
 [ 0.422  0.658  0.214  0.312 -0.258  0.193  0.377]
 [-0.605  0.332 -0.603  0.057 -0.075 -0.079  0.38 ]
 [-0.163 -0.009  0.22  -0.479  0.355  0.654  0.377]
 [ 0.515 -0.38  -0.477 -0.319 -0.343  0.018  0.377]]
Learning Rate : 1e-08
Distance measure: 2.888
Time taken to converge as per expectation: inf s