
Playing the asymmetric EigenGame (Variant a, adagrad)...
Time taken: 185.03405380249023s
EigenVectors obtained through EigenGame:
[[-0.379  0.207 -0.557 -0.136  0.274  0.386 -0.51 ]
 [-0.379  0.223  0.038  0.59   0.155 -0.621 -0.216]
 [-0.375 -0.268 -0.396 -0.084 -0.763 -0.187  0.073]
 [-0.377 -0.422  0.358 -0.581  0.267 -0.309 -0.217]
 [-0.38   0.605  0.011 -0.34   0.08  -0.063  0.603]
 [-0.377  0.163  0.629  0.174 -0.357  0.48  -0.216]
 [-0.377 -0.515 -0.083  0.376  0.337  0.315  0.481]]
EigenVectors obtained through numpy:
[[-0.379  0.207 -0.574  0.01   0.274  0.381 -0.514]
 [-0.379  0.223  0.192  0.558  0.161 -0.624 -0.21 ]
 [-0.375 -0.268 -0.403  0.033 -0.764 -0.185  0.075]
 [-0.377 -0.422  0.193 -0.658  0.258 -0.312 -0.214]
 [-0.38   0.605 -0.079 -0.332  0.075 -0.057  0.603]
 [-0.377  0.163  0.654  0.009 -0.355  0.479 -0.22 ]
 [-0.377 -0.515  0.018  0.38   0.343  0.319  0.477]]
Learning Rate : 25
Distance measure: 0.374
Time taken to converge as per expectation: inf s