
Playing the asymmetric EigenGame (Variant c, adagrad)...
Time taken: 419.4764988422394s
EigenVectors obtained through EigenGame:
[[ 0.315  0.158  0.221 -0.46   0.16  -0.306  0.505 -0.372  0.051 -0.323]
 [ 0.316 -0.2    0.273 -0.253 -0.429  0.63   0.025  0.199 -0.205 -0.229]
 [ 0.317 -0.033  0.338  0.495 -0.151 -0.26  -0.369 -0.387 -0.364 -0.192]
 [ 0.32   0.074 -0.278  0.477 -0.354 -0.003  0.63   0.048 -0.012  0.251]
 [ 0.315 -0.41  -0.005 -0.114  0.505  0.088  0.052 -0.065 -0.389  0.543]
 [ 0.317  0.156  0.045 -0.298 -0.241 -0.543 -0.206  0.572 -0.113  0.211]
 [ 0.317 -0.208 -0.74  -0.226 -0.169 -0.014 -0.308 -0.309  0.115 -0.168]
 [ 0.315 -0.161  0.342  0.062 -0.048  0.047 -0.152 -0.116  0.785  0.305]
 [ 0.315  0.797 -0.088  0.004  0.256  0.37  -0.217 -0.05  -0.031  0.117]
 [ 0.315 -0.176 -0.102  0.308  0.482 -0.006  0.036  0.477  0.166 -0.519]]
EigenVectors obtained through numpy:
[[ 0.315 -0.224 -0.003  0.005  0.052 -0.703  0.461 -0.315 -0.061 -0.198]
 [ 0.316 -0.501  0.426  0.247 -0.133  0.415  0.354  0.291 -0.036 -0.069]
 [ 0.317  0.087 -0.092  0.182  0.088  0.36  -0.183 -0.577 -0.562 -0.176]
 [ 0.32   0.465 -0.256  0.423  0.044  0.09   0.388  0.028  0.188  0.49 ]
 [ 0.315 -0.5   -0.529 -0.407 -0.094  0.112 -0.12  -0.037  0.061  0.405]
 [ 0.317  0.323  0.448 -0.416 -0.315 -0.176 -0.084  0.154 -0.378  0.342]
 [ 0.317  0.22  -0.322  0.025 -0.603  0.004 -0.102  0.218  0.162 -0.546]
 [ 0.315 -0.066  0.376  0.185 -0.029 -0.093 -0.497 -0.342  0.581  0.103]
 [ 0.315  0.25   0.073 -0.526  0.531  0.261  0.184  0.038  0.28  -0.303]
 [ 0.315 -0.066 -0.117  0.277  0.464 -0.275 -0.407  0.54  -0.232 -0.054]]
Learning Rate : 1
Distance measure: 2.717
Time taken to converge as per expectation: inf s