
Playing the asymmetric EigenGame (Variant a, adagrad)...
Time taken: 95.38617992401123s
EigenVectors obtained through EigenGame:
[[ 0.448  0.568  0.564  0.301  0.26 ]
 [ 0.449 -0.66   0.045  0.591 -0.108]
 [ 0.443  0.394 -0.447  0.014 -0.671]
 [ 0.447 -0.294  0.4   -0.726 -0.159]
 [ 0.449 -0.003 -0.566 -0.183  0.667]]
EigenVectors obtained through numpy:
[[ 0.448  0.603  0.382  0.48   0.243]
 [ 0.449 -0.669 -0.094  0.568 -0.14 ]
 [ 0.443  0.357 -0.447 -0.168 -0.67 ]
 [ 0.447 -0.242  0.641 -0.563 -0.121]
 [ 0.449 -0.044 -0.484 -0.321  0.677]]
Learning Rate : 0.5
Distance measure: 0.488
Time taken to converge as per expectation: inf s