
Playing the asymmetric EigenGame (Variant a, momentum)...
Time taken: 173.03434109687805s
EigenVectors obtained through EigenGame:
[[-0.484 -0.092  0.662  0.011  0.24   0.289 -0.392]
 [-0.417 -0.129 -0.174  0.131  0.413 -0.362  0.416]
 [-0.349  0.331  0.427  0.116  0.043 -0.763  0.26 ]
 [-0.416  0.502  0.286  0.663 -0.358  0.385  0.508]
 [-0.236 -0.558 -0.004 -0.283 -0.771 -0.178  0.257]
 [-0.417 -0.07  -0.452  0.381 -0.103 -0.146 -0.527]
 [-0.261  0.545 -0.251 -0.552 -0.192  0.041 -0.065]]
EigenVectors obtained through numpy:
[[-0.379 -0.207  0.574  0.514  0.01   0.274 -0.381]
 [-0.379 -0.223 -0.192  0.21   0.558  0.161  0.624]
 [-0.375  0.268  0.403 -0.075  0.033 -0.764  0.185]
 [-0.377  0.422 -0.193  0.214 -0.658  0.258  0.312]
 [-0.38  -0.605  0.079 -0.603 -0.332  0.075  0.057]
 [-0.377 -0.163 -0.654  0.22   0.009 -0.355 -0.479]
 [-0.377  0.515 -0.018 -0.477  0.38   0.343 -0.319]]
Learning Rate : 30
Distance measure: 1.563
Time taken to converge as per expectation: inf s