
Playing the asymmetric EigenGame (Variant c, adagrad)...
Time taken: 424.79197692871094s
EigenVectors obtained through EigenGame:
[[-0.315 -0.006 -0.105  0.255  0.572 -0.097 -0.118 -0.001 -0.602 -0.329]
 [-0.316 -0.364 -0.243 -0.075  0.3   -0.5    0.277  0.234  0.467  0.069]
 [-0.317  0.104 -0.023 -0.114  0.211  0.445  0.621 -0.341 -0.067  0.353]
 [-0.32   0.591  0.162  0.186 -0.312 -0.16   0.35   0.468 -0.028 -0.175]
 [-0.315 -0.384 -0.107  0.523 -0.49  -0.073 -0.073 -0.052 -0.24   0.396]
 [-0.317  0.169 -0.149 -0.636 -0.269 -0.411 -0.173 -0.304 -0.277  0.078]
 [-0.317  0.242 -0.614  0.143 -0.065  0.342 -0.311 -0.145  0.388 -0.241]
 [-0.315 -0.327  0.099 -0.413 -0.052  0.471 -0.184  0.584 -0.118 -0.003]
 [-0.315  0.268  0.488  0.111  0.296 -0.047 -0.477 -0.06   0.272  0.427]
 [-0.315 -0.307  0.494  0.021 -0.185  0.032  0.08  -0.386  0.202 -0.574]]
EigenVectors obtained through numpy:
[[-0.315 -0.224  0.052  0.003  0.198 -0.461  0.005 -0.061 -0.315 -0.703]
 [-0.316 -0.501 -0.133 -0.426  0.069 -0.354  0.247 -0.036  0.291  0.415]
 [-0.317  0.087  0.088  0.092  0.176  0.183  0.182 -0.562 -0.577  0.36 ]
 [-0.32   0.465  0.044  0.256 -0.49  -0.388  0.423  0.188  0.028  0.09 ]
 [-0.315 -0.5   -0.094  0.529 -0.405  0.12  -0.407  0.061 -0.037  0.112]
 [-0.317  0.323 -0.315 -0.448 -0.342  0.084 -0.416 -0.378  0.154 -0.176]
 [-0.317  0.22  -0.603  0.322  0.546  0.102  0.025  0.162  0.218  0.004]
 [-0.315 -0.066 -0.029 -0.376 -0.103  0.497  0.185  0.581 -0.342 -0.093]
 [-0.315  0.25   0.531 -0.073  0.303 -0.184 -0.526  0.28   0.038  0.261]
 [-0.315 -0.066  0.464  0.117  0.054  0.407  0.277 -0.232  0.54  -0.275]]
Learning Rate : 15
Distance measure: 2.189
Time taken to converge as per expectation: inf s