
Playing the asymmetric EigenGame (Variant b, adagrad)...
Time taken: 81.38420009613037s
EigenVectors obtained through EigenGame:
[[ 0.448 -0.623 -0.349  0.48   0.243]
 [ 0.449  0.673  0.059  0.568 -0.14 ]
 [ 0.443 -0.333  0.465 -0.168 -0.67 ]
 [ 0.447  0.207 -0.653 -0.562 -0.121]
 [ 0.449  0.07   0.481 -0.322  0.677]]
EigenVectors obtained through numpy:
[[ 0.448 -0.603 -0.382  0.48   0.243]
 [ 0.449  0.669  0.094  0.568 -0.14 ]
 [ 0.443 -0.357  0.447 -0.168 -0.67 ]
 [ 0.447  0.242 -0.641 -0.563 -0.121]
 [ 0.449  0.044  0.484 -0.321  0.677]]
Learning Rate : 5
Distance measure: 0.076
Time taken to converge as per expectation: inf s