
Playing the asymmetric EigenGame (Variant b, rmsprop)...
Time taken: 225.09127497673035s
EigenVectors obtained through EigenGame:
[[0.255 0.06  0.098 0.388 0.33  0.23  0.581]
 [0.071 0.079 0.221 0.421 0.024 0.691 0.348]
 [0.348 0.667 0.06  0.382 0.143 0.372 0.245]
 [0.657 0.078 0.422 0.556 0.703 0.346 0.24 ]
 [0.349 0.118 0.609 0.17  0.268 0.107 0.092]
 [0.066 0.461 0.009 0.153 0.495 0.435 0.027]
 [0.501 0.559 0.624 0.405 0.243 0.102 0.644]]
EigenVectors obtained through numpy:
[[-0.207 -0.274 -0.514  0.379 -0.01  -0.381  0.574]
 [-0.223 -0.161 -0.21   0.379 -0.558  0.624 -0.192]
 [ 0.268  0.764  0.075  0.375 -0.033  0.185  0.403]
 [ 0.422 -0.258 -0.214  0.377  0.658  0.312 -0.193]
 [-0.605 -0.075  0.603  0.38   0.332  0.057  0.079]
 [-0.163  0.355 -0.22   0.377 -0.009 -0.479 -0.654]
 [ 0.515 -0.343  0.477  0.377 -0.38  -0.319 -0.018]]
Learning Rate : 1e-10
Distance measure: 2.759
Time taken to converge as per expectation: inf s