
Playing the asymmetric EigenGame (Variant a, momentum)...
Time taken: 204.8422772884369s
EigenVectors obtained through EigenGame:
[[ 0.379  0.274  0.36   0.565  0.058  0.223  0.137]
 [ 0.379  0.29   0.605 -0.365  0.231 -0.379  0.051]
 [ 0.375 -0.194  0.139  0.12  -0.924 -0.014 -0.021]
 [ 0.377 -0.345 -0.567 -0.099  0.105 -0.495 -0.156]
 [ 0.38   0.665 -0.267  0.029 -0.091  0.1   -0.59 ]
 [ 0.377  0.23  -0.082 -0.68  -0.223  0.632  0.475]
 [ 0.377 -0.436  0.294 -0.245  0.144  0.389 -0.617]]
EigenVectors obtained through numpy:
[[ 0.379  0.207  0.01   0.574  0.274  0.381  0.514]
 [ 0.379  0.223  0.558 -0.192  0.161 -0.624  0.21 ]
 [ 0.375 -0.268  0.033  0.403 -0.764 -0.185 -0.075]
 [ 0.377 -0.422 -0.658 -0.193  0.258 -0.312  0.214]
 [ 0.38   0.605 -0.332  0.079  0.075 -0.057 -0.603]
 [ 0.377  0.163  0.009 -0.654 -0.355  0.479  0.22 ]
 [ 0.377 -0.515  0.38  -0.018  0.343  0.319 -0.477]]
Learning Rate : 0.0001
Distance measure: 1.071
Time taken to converge as per expectation: inf s