
Playing the asymmetric EigenGame (Variant a, momentum)...
Time taken: 187.8007481098175s
EigenVectors obtained through EigenGame:
[[-0.254 -0.164 -0.032 -0.452 -0.622  0.745  0.216]
 [-0.323 -0.158  0.024 -0.511  0.243 -0.205  0.628]
 [-0.382  0.341  0.395 -0.097 -0.529 -0.441 -0.081]
 [-0.32   0.472 -0.615  0.389 -0.251  0.178  0.554]
 [-0.506 -0.475  0.008  0.464 -0.122 -0.088 -0.293]
 [-0.318 -0.1   -0.655 -0.38   0.157 -0.104 -0.344]
 [-0.475  0.611  0.188 -0.116  0.414  0.398 -0.203]]
EigenVectors obtained through numpy:
[[-0.379 -0.207  0.514 -0.01  -0.574  0.274 -0.381]
 [-0.379 -0.223  0.21  -0.558  0.192  0.161  0.624]
 [-0.375  0.268 -0.075 -0.033 -0.403 -0.764  0.185]
 [-0.377  0.422  0.214  0.658  0.193  0.258  0.312]
 [-0.38  -0.605 -0.603  0.332 -0.079  0.075  0.057]
 [-0.377 -0.163  0.22  -0.009  0.654 -0.355 -0.479]
 [-0.377  0.515 -0.477 -0.38   0.018  0.343 -0.319]]
Learning Rate : 0.1
Distance measure: 2.289
Time taken to converge as per expectation: inf s