
Playing the asymmetric EigenGame (Variant a, momentum)...
Time taken: 176.7870490550995s
EigenVectors obtained through EigenGame:
[[-0.254  0.072 -0.854 -0.26   0.19   0.058  0.271]
 [-0.323  0.107 -0.063  0.064 -0.214  0.147 -0.808]
 [-0.382 -0.348 -0.352  0.713 -0.154 -0.403  0.41 ]
 [-0.32  -0.516  0.143 -0.256  0.481 -0.5    0.015]
 [-0.506  0.527  0.048  0.286  0.424 -0.291  0.164]
 [-0.318  0.049  0.344 -0.401 -0.606 -0.339  0.186]
 [-0.475 -0.562  0.052  0.334  0.341  0.602  0.211]]
EigenVectors obtained through numpy:
[[-0.379  0.207 -0.574 -0.514  0.274  0.01   0.381]
 [-0.379  0.223  0.192 -0.21   0.161  0.558 -0.624]
 [-0.375 -0.268 -0.403  0.075 -0.764  0.033 -0.185]
 [-0.377 -0.422  0.193 -0.214  0.258 -0.658 -0.312]
 [-0.38   0.605 -0.079  0.603  0.075 -0.332 -0.057]
 [-0.377  0.163  0.654 -0.22  -0.355  0.009  0.479]
 [-0.377 -0.515  0.018  0.477  0.343  0.38   0.319]]
Learning Rate : 1
Distance measure: 1.746
Time taken to converge as per expectation: inf s