
Playing the asymmetric EigenGame (Variant a, momentum)...
Time taken: 214.1012270450592s
EigenVectors obtained through EigenGame:
[[-0.484 -0.262 -0.111  0.844 -0.194 -0.08  -0.176]
 [-0.416 -0.297  0.456  0.009 -0.036  0.342  0.386]
 [-0.349  0.16  -0.355  0.138  0.179  0.799 -0.374]
 [-0.415  0.327 -0.312  0.202  0.636 -0.213  0.214]
 [-0.237 -0.717 -0.588 -0.08   0.261  0.181  0.188]
 [-0.417 -0.238  0.416 -0.226  0.256 -0.257 -0.734]
 [-0.262  0.373 -0.192 -0.412 -0.626 -0.307 -0.245]]
EigenVectors obtained through numpy:
[[-0.379 -0.207  0.514  0.574 -0.01  -0.274 -0.381]
 [-0.379 -0.223  0.21  -0.192 -0.558 -0.161  0.624]
 [-0.375  0.268 -0.075  0.403 -0.033  0.764  0.185]
 [-0.377  0.422  0.214 -0.193  0.658 -0.258  0.312]
 [-0.38  -0.605 -0.603  0.079  0.332 -0.075  0.057]
 [-0.377 -0.163  0.22  -0.654 -0.009  0.355 -0.479]
 [-0.377  0.515 -0.477 -0.018 -0.38  -0.343 -0.319]]
Learning Rate : 0.01
Distance measure: 1.865
Time taken to converge as per expectation: inf s