
Playing the asymmetric EigenGame (Variant c, adagrad)...
Time taken: 185.92150568962097s
EigenVectors obtained through EigenGame:
[[ 0.379  0.208  0.573  0.114  0.257  0.305 -0.56 ]
 [ 0.379  0.223 -0.202 -0.417  0.39  -0.649 -0.127]
 [ 0.375 -0.268  0.404 -0.397 -0.659 -0.159  0.1  ]
 [ 0.377 -0.423 -0.18   0.702 -0.088 -0.341 -0.172]
 [ 0.38   0.605  0.084  0.328 -0.087  0.021  0.606]
 [ 0.377  0.162 -0.654 -0.162 -0.308  0.453 -0.28 ]
 [ 0.377 -0.515 -0.025 -0.169  0.488  0.372  0.431]]
EigenVectors obtained through numpy:
[[ 0.379  0.207  0.574 -0.01   0.274  0.381 -0.514]
 [ 0.379  0.223 -0.192 -0.558  0.161 -0.624 -0.21 ]
 [ 0.375 -0.268  0.403 -0.033 -0.764 -0.185  0.075]
 [ 0.377 -0.422 -0.193  0.658  0.258 -0.312 -0.214]
 [ 0.38   0.605  0.079  0.332  0.075 -0.057  0.603]
 [ 0.377  0.163 -0.654 -0.009 -0.355  0.479 -0.22 ]
 [ 0.377 -0.515 -0.018 -0.38   0.343  0.319  0.477]]
Learning Rate : 40
Distance measure: 0.711
Time taken to converge as per expectation: inf s