
Playing the asymmetric EigenGame (Variant b, adagrad)...
Time taken: 195.1710650920868s
EigenVectors obtained through EigenGame:
[[-0.379 -0.292 -0.531  0.143  0.237  0.153 -0.624]
 [-0.379 -0.211  0.143 -0.507  0.3   -0.664  0.04 ]
 [-0.375  0.194 -0.443 -0.172 -0.743 -0.139  0.157]
 [-0.377  0.477  0.224  0.66   0.08  -0.362 -0.091]
 [-0.38  -0.594  0.069  0.365 -0.     0.179  0.577]
 [-0.377 -0.063  0.657 -0.205 -0.321  0.366 -0.378]
 [-0.377  0.498 -0.121 -0.286  0.439  0.469  0.317]]
EigenVectors obtained through numpy:
[[-0.379 -0.207 -0.574 -0.01   0.274  0.381 -0.514]
 [-0.379 -0.223  0.192 -0.558  0.161 -0.624 -0.21 ]
 [-0.375  0.268 -0.403 -0.033 -0.764 -0.185  0.075]
 [-0.377  0.422  0.193  0.658  0.258 -0.312 -0.214]
 [-0.38  -0.605 -0.079  0.332  0.075 -0.057  0.603]
 [-0.377 -0.163  0.654 -0.009 -0.355  0.479 -0.22 ]
 [-0.377  0.515  0.018 -0.38   0.343  0.319  0.477]]
Learning Rate : 5
Distance measure: 0.731
Time taken to converge as per expectation: inf s