
Playing the asymmetric EigenGame (Variant c, adagrad)...
Time taken: 187.91160678863525s
EigenVectors obtained through EigenGame:
[[-0.379  0.204 -0.29   0.489  0.155  0.344  0.59 ]
 [-0.379  0.219 -0.378 -0.438  0.375 -0.572  0.092]
 [-0.375 -0.272 -0.23   0.365 -0.632 -0.418 -0.15 ]
 [-0.377 -0.414  0.69   0.138  0.338 -0.224  0.167]
 [-0.38   0.607  0.252  0.226  0.077  0.102 -0.597]
 [-0.377  0.166  0.277 -0.567 -0.524  0.27   0.29 ]
 [-0.377 -0.518 -0.321 -0.212  0.204  0.497 -0.391]]
EigenVectors obtained through numpy:
[[-0.379  0.207 -0.01   0.574  0.274  0.381  0.514]
 [-0.379  0.223 -0.558 -0.192  0.161 -0.624  0.21 ]
 [-0.375 -0.268 -0.033  0.403 -0.764 -0.185 -0.075]
 [-0.377 -0.422  0.658 -0.193  0.258 -0.312  0.214]
 [-0.38   0.605  0.332  0.079  0.075 -0.057 -0.603]
 [-0.377  0.163 -0.009 -0.654 -0.355  0.479  0.22 ]
 [-0.377 -0.515 -0.38  -0.018  0.343  0.319 -0.477]]
Learning Rate : 25
Distance measure: 0.908
Time taken to converge as per expectation: inf s