
Playing the asymmetric EigenGame (Variant a, rmsprop)...
Time taken: 208.57126688957214s
EigenVectors obtained through EigenGame:
[[ 0.041 -0.562 -0.434 -0.592 -0.096 -0.353 -0.292]
 [-0.155 -0.433 -0.441 -0.22  -0.286 -0.568 -0.213]
 [-0.335 -0.307 -0.202 -0.534 -0.612 -0.532 -0.572]
 [-0.151 -0.432 -0.133 -0.291 -0.313  0.038 -0.425]
 [-0.68  -0.088 -0.619 -0.316 -0.144 -0.296 -0.527]
 [-0.147 -0.435 -0.41  -0.009 -0.569 -0.287 -0.289]
 [-0.596 -0.138 -0.085 -0.361 -0.304 -0.314  0.002]]
EigenVectors obtained through numpy:
[[ 0.514 -0.379 -0.207 -0.574  0.274 -0.01   0.381]
 [ 0.21  -0.379 -0.223  0.192  0.161 -0.558 -0.624]
 [-0.075 -0.375  0.268 -0.403 -0.764 -0.033 -0.185]
 [ 0.214 -0.377  0.422  0.193  0.258  0.658 -0.312]
 [-0.603 -0.38  -0.605 -0.079  0.075  0.332 -0.057]
 [ 0.22  -0.377 -0.163  0.654 -0.355 -0.009  0.479]
 [-0.477 -0.377  0.515  0.018  0.343 -0.38   0.319]]
Learning Rate : 5
Distance measure: 2.671
Time taken to converge as per expectation: inf s