
Playing the asymmetric EigenGame (Variant a, adagrad)...
Time taken: 186.3719470500946s
EigenVectors obtained through EigenGame:
[[0.134 0.481 0.301 0.352 0.013 0.178 0.513]
 [0.485 0.562 0.15  0.373 0.444 0.425 0.519]
 [0.412 0.183 0.483 0.42  0.481 0.567 0.396]
 [0.557 0.295 0.59  0.5   0.489 0.373 0.243]
 [0.385 0.083 0.236 0.259 0.36  0.44  0.318]
 [0.064 0.515 0.487 0.409 0.176 0.319 0.241]
 [0.34  0.243 0.114 0.275 0.414 0.178 0.305]]
EigenVectors obtained through numpy:
[[-0.381  0.514 -0.01   0.379 -0.207 -0.274  0.574]
 [ 0.624  0.21  -0.558  0.379 -0.223 -0.161 -0.192]
 [ 0.185 -0.075 -0.033  0.375  0.268  0.764  0.403]
 [ 0.312  0.214  0.658  0.377  0.422 -0.258 -0.193]
 [ 0.057 -0.603  0.332  0.38  -0.605 -0.075  0.079]
 [-0.479  0.22  -0.009  0.377 -0.163  0.355 -0.654]
 [-0.319 -0.477 -0.38   0.377  0.515 -0.343 -0.018]]
Learning Rate : 5e-07
Distance measure: 2.95
Time taken to converge as per expectation: inf s