
Playing the asymmetric EigenGame (Variant c, momentum)...
Time taken: 199.43533325195312s
EigenVectors obtained through EigenGame:
[[ 0.379 -0.075 -0.271 -0.243 -0.214  0.177  0.226]
 [ 0.379 -0.12  -0.315 -0.287 -0.253  0.195  0.308]
 [ 0.375  0.38   0.175  0.213  0.246  0.528  0.306]
 [ 0.377  0.478  0.268  0.303  0.321  0.401 -0.01 ]
 [ 0.38  -0.514 -0.701 -0.688 -0.687 -0.54  -0.496]
 [ 0.377 -0.13  -0.327 -0.311 -0.32  -0.368 -0.62 ]
 [ 0.377  0.571  0.357  0.39   0.391  0.254 -0.361]]
EigenVectors obtained through numpy:
[[ 0.379 -0.207  0.514 -0.381  0.274 -0.574  0.01 ]
 [ 0.379 -0.223  0.21   0.624  0.161  0.192  0.558]
 [ 0.375  0.268 -0.075  0.185 -0.764 -0.403  0.033]
 [ 0.377  0.422  0.214  0.312  0.258  0.193 -0.658]
 [ 0.38  -0.605 -0.603  0.057  0.075 -0.079 -0.332]
 [ 0.377 -0.163  0.22  -0.479 -0.355  0.654  0.009]
 [ 0.377  0.515 -0.477 -0.319  0.343  0.018  0.38 ]]
Learning Rate : 15
Distance measure: 3.214
Time taken to converge as per expectation: inf s