
Playing the asymmetric EigenGame (Variant c, momentum)...
Time taken: 205.88035702705383s
EigenVectors obtained through EigenGame:
[[-0.379 -0.118 -0.304 -0.275 -0.242 -0.171  0.256]
 [-0.379 -0.128 -0.313 -0.28  -0.234 -0.119  0.456]
 [-0.375  0.348  0.148  0.186  0.219  0.264  0.426]
 [-0.377  0.481  0.275  0.312  0.335  0.338  0.317]
 [-0.38  -0.533 -0.71  -0.704 -0.718 -0.787 -0.657]
 [-0.377 -0.095 -0.284 -0.262 -0.251 -0.258 -0.094]
 [-0.377  0.57   0.357  0.387  0.384  0.295 -0.064]]
EigenVectors obtained through numpy:
[[-0.379 -0.207  0.514 -0.381  0.274 -0.574  0.01 ]
 [-0.379 -0.223  0.21   0.624  0.161  0.192  0.558]
 [-0.375  0.268 -0.075  0.185 -0.764 -0.403  0.033]
 [-0.377  0.422  0.214  0.312  0.258  0.193 -0.658]
 [-0.38  -0.605 -0.603  0.057  0.075 -0.079 -0.332]
 [-0.377 -0.163  0.22  -0.479 -0.355  0.654  0.009]
 [-0.377  0.515 -0.477 -0.319  0.343  0.018  0.38 ]]
Learning Rate : 0.1
Distance measure: 3.1
Time taken to converge as per expectation: inf s