
Playing the asymmetric EigenGame (Variant a, rmsprop)...
Time taken: 179.97623205184937s
EigenVectors obtained through EigenGame:
[[ 0.342 -0.183  0.497 -0.079  0.037 -0.24   0.67 ]
 [ 0.364 -0.197 -0.187  0.629  0.175 -0.514 -0.258]
 [ 0.379  0.295  0.381 -0.029 -0.646  0.023 -0.408]
 [ 0.362  0.447 -0.253 -0.562  0.373 -0.321 -0.094]
 [ 0.421 -0.571  0.052 -0.237  0.289  0.46  -0.345]
 [ 0.361 -0.137 -0.711 -0.022 -0.438  0.172  0.377]
 [ 0.41   0.544 -0.021  0.473  0.369  0.577  0.22 ]]
EigenVectors obtained through numpy:
[[ 0.379 -0.207  0.574  0.01   0.274 -0.514  0.381]
 [ 0.379 -0.223 -0.192  0.558  0.161 -0.21  -0.624]
 [ 0.375  0.268  0.403  0.033 -0.764  0.075 -0.185]
 [ 0.377  0.422 -0.193 -0.658  0.258 -0.214 -0.312]
 [ 0.38  -0.605  0.079 -0.332  0.075  0.603 -0.057]
 [ 0.377 -0.163 -0.654  0.009 -0.355 -0.22   0.479]
 [ 0.377  0.515 -0.018  0.38   0.343  0.477  0.319]]
Learning Rate : 0.1
Distance measure: 0.995
Time taken to converge as per expectation: inf s