
Playing the asymmetric EigenGame (Variant c, adagrad)...
Time taken: 437.8831479549408s
EigenVectors obtained through EigenGame:
[[-0.315  0.216 -0.142 -0.14  -0.285  0.183  0.471 -0.403 -0.416 -0.375]
 [-0.316  0.683  0.019  0.394 -0.087  0.292 -0.22   0.054  0.021  0.367]
 [-0.317 -0.119 -0.192  0.108  0.095 -0.615 -0.221 -0.539 -0.139  0.309]
 [-0.32  -0.47   0.289  0.208 -0.314  0.37  -0.408 -0.253  0.201 -0.221]
 [-0.315  0.101 -0.361 -0.206 -0.434 -0.297  0.036  0.248  0.59  -0.156]
 [-0.317  0.187  0.574  0.217  0.373 -0.34   0.213  0.087  0.18  -0.394]
 [-0.317 -0.073  0.461 -0.508 -0.262 -0.101 -0.038  0.32  -0.34   0.355]
 [-0.315  0.066 -0.162 -0.555  0.596  0.338 -0.178 -0.154  0.199 -0.018]
 [-0.315 -0.407 -0.115  0.25   0.145  0.194  0.608  0.123  0.157  0.431]
 [-0.315 -0.178 -0.384  0.228  0.177 -0.024 -0.254  0.52  -0.455 -0.298]]
EigenVectors obtained through numpy:
[[-0.315  0.224 -0.052 -0.461 -0.003 -0.061 -0.005 -0.315 -0.198 -0.703]
 [-0.316  0.501  0.133 -0.354  0.426 -0.036 -0.247  0.291 -0.069  0.415]
 [-0.317 -0.087 -0.088  0.183 -0.092 -0.562 -0.182 -0.577 -0.176  0.36 ]
 [-0.32  -0.465 -0.044 -0.388 -0.256  0.188 -0.423  0.028  0.49   0.09 ]
 [-0.315  0.5    0.094  0.12  -0.529  0.061  0.407 -0.037  0.405  0.112]
 [-0.317 -0.323  0.315  0.084  0.448 -0.378  0.416  0.154  0.342 -0.176]
 [-0.317 -0.22   0.603  0.102 -0.322  0.162 -0.025  0.218 -0.546  0.004]
 [-0.315  0.066  0.029  0.497  0.376  0.581 -0.185 -0.342  0.103 -0.093]
 [-0.315 -0.25  -0.531 -0.184  0.073  0.28   0.526  0.038 -0.303  0.261]
 [-0.315  0.066 -0.464  0.407 -0.117 -0.232 -0.277  0.54  -0.054 -0.275]]
Learning Rate : 15
Distance measure: 2.631
Time taken to converge as per expectation: inf s