
Playing the asymmetric EigenGame (Variant a, momentum)...
Time taken: 196.89213109016418s
EigenVectors obtained through EigenGame:
[[-0.254  0.241  0.287  0.09  -0.535  0.153 -0.619]
 [-0.323  0.278  0.43  -0.429  0.552 -0.284 -0.093]
 [-0.382 -0.183  0.285 -0.01  -0.329 -0.231  0.446]
 [-0.32  -0.354 -0.634 -0.007 -0.067 -0.459 -0.566]
 [-0.506  0.708 -0.004  0.441  0.322  0.169  0.078]
 [-0.318  0.218 -0.28  -0.783  0.08   0.574  0.206]
 [-0.475 -0.396  0.413 -0.011  0.431  0.524 -0.199]]
EigenVectors obtained through numpy:
[[-0.379  0.207  0.01   0.574 -0.514  0.381 -0.274]
 [-0.379  0.223  0.558 -0.192 -0.21  -0.624 -0.161]
 [-0.375 -0.268  0.033  0.403  0.075 -0.185  0.764]
 [-0.377 -0.422 -0.658 -0.193 -0.214 -0.312 -0.258]
 [-0.38   0.605 -0.332  0.079  0.603 -0.057 -0.075]
 [-0.377  0.163  0.009 -0.654 -0.22   0.479  0.355]
 [-0.377 -0.515  0.38  -0.018  0.477  0.319 -0.343]]
Learning Rate : 0.1
Distance measure: 1.645
Time taken to converge as per expectation: inf s