
Playing the asymmetric EigenGame (Variant b, adagrad)...
Time taken: 235.01215505599976s
EigenVectors obtained through EigenGame:
[[-0.379  0.204  0.574  0.092  0.259 -0.313 -0.559]
 [-0.379  0.224 -0.237  0.556  0.094  0.645 -0.13 ]
 [-0.375 -0.27   0.392 -0.03  -0.769  0.174  0.1  ]
 [-0.377 -0.421 -0.135 -0.634  0.34   0.337 -0.173]
 [-0.38   0.604  0.111 -0.312  0.116 -0.019  0.606]
 [-0.377  0.166 -0.654 -0.091 -0.342 -0.447 -0.278]
 [-0.377 -0.515 -0.051  0.417  0.295 -0.377  0.433]]
EigenVectors obtained through numpy:
[[-0.379  0.207  0.574  0.01   0.274 -0.381 -0.514]
 [-0.379  0.223 -0.192  0.558  0.161  0.624 -0.21 ]
 [-0.375 -0.268  0.403  0.033 -0.764  0.185  0.075]
 [-0.377 -0.422 -0.193 -0.658  0.258  0.312 -0.214]
 [-0.38   0.605  0.079 -0.332  0.075  0.057  0.603]
 [-0.377  0.163 -0.654  0.009 -0.355 -0.479 -0.22 ]
 [-0.377 -0.515 -0.018  0.38   0.343 -0.319  0.477]]
Learning Rate : 30
Distance measure: 0.28
Time taken to converge as per expectation: inf s