
Playing the asymmetric EigenGame (Variant c)...
EigenVectors obtained through EigenGame:
[[ 0.448  0.593  0.362  0.507  0.244]
 [ 0.449 -0.667 -0.152  0.558 -0.138]
 [ 0.443  0.369 -0.424 -0.197 -0.67 ]
 [ 0.447 -0.259  0.673 -0.515 -0.122]
 [ 0.449 -0.031 -0.461 -0.357  0.676]]
EigenVectors obtained through numpy:
[[ 0.448  0.603  0.382  0.48   0.243]
 [ 0.449 -0.669 -0.094  0.568 -0.14 ]
 [ 0.443  0.357 -0.447 -0.168 -0.67 ]
 [ 0.447 -0.242  0.641 -0.563 -0.121]
 [ 0.449 -0.044 -0.484 -0.321  0.677]]
Learning Rate : 0.0001
Distance measure: 0.109