
Playing the asymmetric EigenGame (Variant c)...
Time taken: 83.37773990631104s
EigenVectors obtained through EigenGame:
[[-0.448  0.601  0.386  0.48  -0.243]
 [-0.449 -0.669 -0.097  0.568  0.14 ]
 [-0.443  0.36  -0.445 -0.168  0.67 ]
 [-0.447 -0.245  0.639 -0.563  0.121]
 [-0.449 -0.042 -0.484 -0.321 -0.677]]
EigenVectors obtained through numpy:
[[-0.448  0.603  0.382  0.48  -0.243]
 [-0.449 -0.669 -0.094  0.568  0.14 ]
 [-0.443  0.357 -0.447 -0.168  0.67 ]
 [-0.447 -0.242  0.641 -0.563  0.121]
 [-0.449 -0.044 -0.484 -0.321 -0.677]]
Learning Rate : 40
Distance measure: 0.008
Time taken to converge as per expectation: 79.18168568611145 s