
Playing the asymmetric EigenGame (Variant a, adagrad)...
Time taken: 172.68890190124512s
EigenVectors obtained through EigenGame:
[[-0.379 -0.207 -0.546 -0.177 -0.256 -0.317  0.564]
 [-0.379 -0.223  0.026  0.575 -0.233  0.638  0.123]
 [-0.375  0.268 -0.414 -0.025  0.75   0.205 -0.106]
 [-0.377  0.422  0.381 -0.593 -0.217  0.33   0.17 ]
 [-0.38  -0.605  0.022 -0.346 -0.052 -0.029 -0.605]
 [-0.377 -0.163  0.615  0.225  0.374 -0.428  0.281]
 [-0.377  0.515 -0.084  0.341 -0.359 -0.398 -0.426]]
EigenVectors obtained through numpy:
[[-0.379 -0.207 -0.574  0.01  -0.274 -0.381  0.514]
 [-0.379 -0.223  0.192  0.558 -0.161  0.624  0.21 ]
 [-0.375  0.268 -0.403  0.033  0.764  0.185 -0.075]
 [-0.377  0.422  0.193 -0.658 -0.258  0.312  0.214]
 [-0.38  -0.605 -0.079 -0.332 -0.075  0.057 -0.603]
 [-0.377 -0.163  0.654  0.009  0.355 -0.479  0.22 ]
 [-0.377  0.515  0.018  0.38  -0.343 -0.319 -0.477]]
Learning Rate : 5
Distance measure: 0.475
Time taken to converge as per expectation: inf s