
Playing the asymmetric EigenGame (Variant a, adagrad)...
Time taken: 201.59623789787292s
EigenVectors obtained through EigenGame:
[[ 0.314 -0.251  0.289  0.358  0.302  0.36   0.182]
 [ 0.378  0.651 -0.202 -0.098  0.056 -0.134 -0.116]
 [ 0.366  0.178  0.415  0.062  0.08   0.517  0.293]
 [ 0.372  0.547  0.517  0.091 -0.027  0.084  0.691]
 [ 0.421  0.062  0.011  0.749  0.786  0.058  0.388]
 [ 0.362  0.402  0.646  0.237 -0.113  0.523  0.428]
 [ 0.421 -0.129 -0.136  0.482  0.518  0.549  0.238]]
EigenVectors obtained through numpy:
[[ 0.379 -0.574 -0.274 -0.381 -0.514 -0.207 -0.01 ]
 [ 0.379  0.192 -0.161  0.624 -0.21  -0.223 -0.558]
 [ 0.375 -0.403  0.764  0.185  0.075  0.268 -0.033]
 [ 0.377  0.193 -0.258  0.312 -0.214  0.422  0.658]
 [ 0.38  -0.079 -0.075  0.057  0.603 -0.605  0.332]
 [ 0.377  0.654  0.355 -0.479 -0.22  -0.163 -0.009]
 [ 0.377  0.018 -0.343 -0.319  0.477  0.515 -0.38 ]]
Learning Rate : 0.001
Distance measure: 2.825
Time taken to converge as per expectation: inf s