
Playing the asymmetric EigenGame (Variant b, rmsprop)...
Time taken: 377.4986369609833s
EigenVectors obtained through EigenGame:
[[ 0.379  0.207 -0.573 -0.025 -0.276 -0.461  0.443]
 [ 0.379  0.223  0.205 -0.554 -0.155  0.58   0.311]
 [ 0.375 -0.268 -0.403 -0.038  0.765  0.192 -0.043]
 [ 0.377 -0.422  0.178  0.66  -0.261  0.272  0.263]
 [ 0.38   0.604 -0.087  0.33  -0.077  0.158 -0.585]
 [ 0.377  0.162  0.654  0.008  0.353 -0.511  0.137]
 [ 0.377 -0.515  0.027 -0.382 -0.341 -0.233 -0.524]]
EigenVectors obtained through numpy:
[[ 0.379  0.207 -0.574 -0.01  -0.274 -0.381  0.514]
 [ 0.379  0.223  0.192 -0.558 -0.161  0.624  0.21 ]
 [ 0.375 -0.268 -0.403 -0.033  0.764  0.185 -0.075]
 [ 0.377 -0.422  0.193  0.658 -0.258  0.312  0.214]
 [ 0.38   0.605 -0.079  0.332 -0.075  0.057 -0.603]
 [ 0.377  0.163  0.654 -0.009  0.355 -0.479  0.22 ]
 [ 0.377 -0.515  0.018 -0.38  -0.343 -0.319 -0.477]]
Learning Rate : 0.0005
Distance measure: 0.241
Time taken to converge as per expectation: inf s