
Playing the asymmetric EigenGame (Variant a, momentum)...
Time taken: 205.19455528259277s
EigenVectors obtained through EigenGame:
[[-0.473  0.307 -0.236  0.684 -0.094 -0.108  0.151]
 [-0.413  0.305  0.406 -0.018 -0.532 -0.184 -0.579]
 [-0.353 -0.194 -0.435 -0.006 -0.39   0.783 -0.287]
 [-0.412 -0.327 -0.156 -0.114  0.538 -0.311 -0.624]
 [-0.253  0.63  -0.565 -0.426  0.132  0.122  0.084]
 [-0.413  0.246  0.469 -0.425  0.131  0.417  0.186]
 [-0.275 -0.459 -0.166 -0.397 -0.481 -0.235  0.36 ]]
EigenVectors obtained through numpy:
[[-0.379  0.207 -0.574  0.514 -0.01  -0.274  0.381]
 [-0.379  0.223  0.192  0.21  -0.558 -0.161 -0.624]
 [-0.375 -0.268 -0.403 -0.075 -0.033  0.764 -0.185]
 [-0.377 -0.422  0.193  0.214  0.658 -0.258 -0.312]
 [-0.38   0.605 -0.079 -0.603  0.332 -0.075 -0.057]
 [-0.377  0.163  0.654  0.22  -0.009  0.355  0.479]
 [-0.377 -0.515  0.018 -0.477 -0.38  -0.343  0.319]]
Learning Rate : 0.0005
Distance measure: 1.375
Time taken to converge as per expectation: inf s