
Playing the asymmetric EigenGame (Variant c, rmsprop)...
Time taken: 210.05122995376587s
EigenVectors obtained through EigenGame:
[[ 0.379  0.206 -0.574  0.018  0.275 -0.352  0.533]
 [ 0.38   0.223  0.163 -0.567  0.161  0.634  0.177]
 [ 0.375 -0.269 -0.405 -0.014 -0.764  0.179 -0.084]
 [ 0.377 -0.422  0.225  0.647  0.256  0.324  0.197]
 [ 0.381  0.604 -0.063  0.336  0.075  0.026 -0.605]
 [ 0.377  0.163  0.652 -0.042 -0.353 -0.467  0.245]
 [ 0.378 -0.515 -0.001 -0.38   0.344 -0.343 -0.46 ]]
EigenVectors obtained through numpy:
[[ 0.379  0.207 -0.574 -0.01   0.274 -0.381  0.514]
 [ 0.379  0.223  0.192 -0.558  0.161  0.624  0.21 ]
 [ 0.375 -0.268 -0.403 -0.033 -0.764  0.185 -0.075]
 [ 0.377 -0.422  0.193  0.658  0.258  0.312  0.214]
 [ 0.38   0.605 -0.079  0.332  0.075  0.057 -0.603]
 [ 0.377  0.163  0.654 -0.009 -0.355 -0.479  0.22 ]
 [ 0.377 -0.515  0.018 -0.38   0.343 -0.319 -0.477]]
Learning Rate : 0.001
Distance measure: 0.102
Time taken to converge as per expectation: inf s