
Playing the asymmetric EigenGame (Variant a, momentum)...
Time taken: 188.8712329864502s
EigenVectors obtained through EigenGame:
[[ 0.379 -0.207  0.562 -0.116 -0.274  0.384 -0.511]
 [ 0.379 -0.223 -0.292 -0.513 -0.161 -0.622 -0.214]
 [ 0.375  0.268  0.39  -0.107  0.764 -0.186  0.074]
 [ 0.377  0.422 -0.067  0.682 -0.258 -0.31  -0.216]
 [ 0.38  -0.605  0.139  0.312 -0.075 -0.061  0.603]
 [ 0.377 -0.163 -0.644  0.111  0.355  0.48  -0.217]
 [ 0.377  0.515 -0.088 -0.37  -0.343  0.316  0.48 ]]
EigenVectors obtained through numpy:
[[ 0.379 -0.207  0.574 -0.01  -0.274  0.381 -0.514]
 [ 0.379 -0.223 -0.192 -0.558 -0.161 -0.624 -0.21 ]
 [ 0.375  0.268  0.403 -0.033  0.764 -0.185  0.075]
 [ 0.377  0.422 -0.193  0.658 -0.258 -0.312 -0.214]
 [ 0.38  -0.605  0.079  0.332 -0.075 -0.057  0.603]
 [ 0.377 -0.163 -0.654 -0.009  0.355  0.479 -0.22 ]
 [ 0.377  0.515 -0.018 -0.38  -0.343  0.319  0.477]]
Learning Rate : 1e-06
Distance measure: 0.263
Time taken to converge as per expectation: inf s