
Playing the asymmetric EigenGame (Variant c, momentum)...
Time taken: 183.29441809654236s
EigenVectors obtained through EigenGame:
[[ 0.38   0.701 -0.371  0.176 -0.07  -0.091  0.415]
 [ 0.382  0.243  0.469 -0.216  0.576 -0.382 -0.27 ]
 [ 0.373  0.1   -0.383 -0.108 -0.001  0.447 -0.678]
 [ 0.376 -0.015  0.483 -0.344 -0.225  0.579  0.371]
 [ 0.38  -0.302 -0.154 -0.387 -0.54  -0.553 -0.041]
 [ 0.378 -0.159  0.322  0.797 -0.248 -0.043 -0.165]
 [ 0.377 -0.568 -0.368  0.084  0.509  0.052  0.358]]
EigenVectors obtained through numpy:
[[ 0.379  0.514 -0.574  0.381  0.01  -0.207  0.274]
 [ 0.379  0.21   0.192 -0.624  0.558 -0.223  0.161]
 [ 0.375 -0.075 -0.403 -0.185  0.033  0.268 -0.764]
 [ 0.377  0.214  0.193 -0.312 -0.658  0.422  0.258]
 [ 0.38  -0.603 -0.079 -0.057 -0.332 -0.605  0.075]
 [ 0.377  0.22   0.654  0.479  0.009 -0.163 -0.355]
 [ 0.377 -0.477  0.018  0.319  0.38   0.515  0.343]]
Learning Rate : 1e-09
Distance measure: 1.495
Time taken to converge as per expectation: inf s