
Playing the asymmetric EigenGame (Variant c, momentum)...
Time taken: 195.87146306037903s
EigenVectors obtained through EigenGame:
[[-0.342  0.149 -0.353  0.244  0.728  0.244 -0.181]
 [-0.479  0.126  0.383  0.263 -0.134 -0.785 -0.68 ]
 [-0.417 -0.565 -0.319 -0.179  0.18   0.055 -0.484]
 [-0.31  -0.289  0.557  0.249  0.029 -0.19   0.439]
 [-0.435  0.092 -0.316 -0.684 -0.558 -0.302 -0.07 ]
 [-0.204  0.434 -0.15   0.124  0.327 -0.228  0.257]
 [-0.392 -0.602 -0.442 -0.543  0.015  0.376  0.087]]
EigenVectors obtained through numpy:
[[-0.379  0.207 -0.381  0.514  0.274  0.574 -0.01 ]
 [-0.379  0.223  0.624  0.21   0.161 -0.192 -0.558]
 [-0.375 -0.268  0.185 -0.075 -0.764  0.403 -0.033]
 [-0.377 -0.422  0.312  0.214  0.258 -0.193  0.658]
 [-0.38   0.605  0.057 -0.603  0.075  0.079  0.332]
 [-0.377  0.163 -0.479  0.22  -0.355 -0.654 -0.009]
 [-0.377 -0.515 -0.319 -0.477  0.343 -0.018 -0.38 ]]
Learning Rate : 25
Distance measure: 2.297
Time taken to converge as per expectation: inf s