
Playing the asymmetric EigenGame (Variant c, rmsprop)...
Time taken: 204.60995411872864s
EigenVectors obtained through EigenGame:
[[ 0.379  0.207 -0.574  0.021 -0.243 -0.33  -0.562]
 [ 0.379  0.223  0.201  0.554 -0.173  0.639 -0.148]
 [ 0.375 -0.268 -0.401  0.038  0.756  0.197  0.123]
 [ 0.377 -0.422  0.181 -0.661 -0.262  0.326 -0.188]
 [ 0.38   0.605 -0.085 -0.33  -0.098 -0.011  0.603]
 [ 0.377  0.163  0.655 -0.003  0.375 -0.442 -0.257]
 [ 0.377 -0.515  0.024  0.381 -0.348 -0.378  0.427]]
EigenVectors obtained through numpy:
[[ 0.379  0.207 -0.574  0.01  -0.274 -0.381 -0.514]
 [ 0.379  0.223  0.192  0.558 -0.161  0.624 -0.21 ]
 [ 0.375 -0.268 -0.403  0.033  0.764  0.185  0.075]
 [ 0.377 -0.422  0.193 -0.658 -0.258  0.312 -0.214]
 [ 0.38   0.605 -0.079 -0.332 -0.075  0.057  0.603]
 [ 0.377  0.163  0.654  0.009  0.355 -0.479 -0.22 ]
 [ 0.377 -0.515  0.018  0.38  -0.343 -0.319  0.477]]
Learning Rate : 0.0001
Distance measure: 0.169
Time taken to converge as per expectation: inf s