
Playing the asymmetric EigenGame (Variant b, rmsprop)...
Time taken: 344.80260181427s
EigenVectors obtained through EigenGame:
[[ 0.379 -0.207 -0.573  0.027  0.272  0.612 -0.191]
 [ 0.379 -0.223  0.207  0.552  0.162 -0.378 -0.537]
 [ 0.375  0.268 -0.402  0.044 -0.763 -0.196 -0.049]
 [ 0.377  0.422  0.174 -0.663  0.259 -0.124 -0.356]
 [ 0.38  -0.605 -0.088 -0.33   0.077 -0.403  0.454]
 [ 0.377 -0.163  0.654 -0.009 -0.356  0.515  0.104]
 [ 0.377  0.515  0.029  0.38   0.342 -0.025  0.574]]
EigenVectors obtained through numpy:
[[ 0.379 -0.207 -0.574  0.01   0.274  0.381 -0.514]
 [ 0.379 -0.223  0.192  0.558  0.161 -0.624 -0.21 ]
 [ 0.375  0.268 -0.403  0.033 -0.764 -0.185  0.075]
 [ 0.377  0.422  0.193 -0.658  0.258 -0.312 -0.214]
 [ 0.38  -0.605 -0.079 -0.332  0.075 -0.057  0.603]
 [ 0.377 -0.163  0.654  0.009 -0.355  0.479 -0.22 ]
 [ 0.377  0.515  0.018  0.38   0.343  0.319  0.477]]
Learning Rate : 0.0005
Distance measure: 0.88
Time taken to converge as per expectation: inf s