
Playing the asymmetric EigenGame (Variant c, momentum)...
Time taken: 213.56595492362976s
EigenVectors obtained through EigenGame:
[[ 0.379  0.134  0.079 -0.627 -0.526  0.169  0.369]
 [ 0.379  0.133 -0.563  0.037  0.442  0.557  0.12 ]
 [ 0.375 -0.185  0.002 -0.134  0.461 -0.648  0.402]
 [ 0.377 -0.345  0.707  0.229  0.157  0.4    0.026]
 [ 0.38   0.633  0.231 -0.124  0.165 -0.181 -0.574]
 [ 0.377  0.224 -0.13   0.715 -0.449 -0.182  0.218]
 [ 0.377 -0.6   -0.326 -0.092 -0.249 -0.121 -0.557]]
EigenVectors obtained through numpy:
[[ 0.379  0.207 -0.01  -0.574 -0.381  0.274  0.514]
 [ 0.379  0.223 -0.558  0.192  0.624  0.161  0.21 ]
 [ 0.375 -0.268 -0.033 -0.403  0.185 -0.764 -0.075]
 [ 0.377 -0.422  0.658  0.193  0.312  0.258  0.214]
 [ 0.38   0.605  0.332 -0.079  0.057  0.075 -0.603]
 [ 0.377  0.163 -0.009  0.654 -0.479 -0.355  0.22 ]
 [ 0.377 -0.515 -0.38   0.018 -0.319  0.343 -0.477]]
Learning Rate : 1e-07
Distance measure: 1.085
Time taken to converge as per expectation: inf s