
Playing the asymmetric EigenGame (Variant a, adagrad)...
Time taken: 184.82496118545532s
EigenVectors obtained through EigenGame:
[[-0.379  0.207  0.406 -0.402 -0.409  0.173 -0.538]
 [-0.379  0.223 -0.525 -0.269  0.186 -0.627 -0.182]
 [-0.375 -0.268  0.268 -0.309  0.745  0.226  0.101]
 [-0.377 -0.422  0.318  0.611 -0.049 -0.403 -0.204]
 [-0.38   0.605  0.288  0.186 -0.061 -0.068  0.604]
 [-0.377  0.163 -0.477  0.442  0.074  0.587 -0.236]
 [-0.377 -0.515 -0.277 -0.259 -0.48   0.117  0.454]]
EigenVectors obtained through numpy:
[[-0.379  0.207  0.574 -0.01  -0.274  0.381 -0.514]
 [-0.379  0.223 -0.192 -0.558 -0.161 -0.624 -0.21 ]
 [-0.375 -0.268  0.403 -0.033  0.764 -0.185  0.075]
 [-0.377 -0.422 -0.193  0.658 -0.258 -0.312 -0.214]
 [-0.38   0.605  0.079  0.332 -0.075 -0.057  0.603]
 [-0.377  0.163 -0.654 -0.009  0.355  0.479 -0.22 ]
 [-0.377 -0.515 -0.018 -0.38  -0.343  0.319  0.477]]
Learning Rate : 25
Distance measure: 1.293
Time taken to converge as per expectation: inf s