
Playing the asymmetric EigenGame (Variant c, momentum)...
Time taken: 202.10821080207825s
EigenVectors obtained through EigenGame:
[[-0.43  -0.467 -0.378 -0.061 -0.129 -0.022  0.045]
 [-0.347 -0.235  0.197  0.117 -0.535 -0.742 -0.498]
 [-0.49   0.076  0.184 -0.117 -0.295  0.312  0.575]
 [-0.382  0.399 -0.506 -0.381  0.252  0.32   0.031]
 [-0.277 -0.188 -0.507  0.472  0.644  0.35  -0.335]
 [-0.422  0.281  0.491  0.756  0.339  0.326  0.06 ]
 [-0.233  0.67  -0.173 -0.171  0.131 -0.144 -0.55 ]]
EigenVectors obtained through numpy:
[[-0.379 -0.207  0.514 -0.574  0.381 -0.01  -0.274]
 [-0.379 -0.223  0.21   0.192 -0.624 -0.558 -0.161]
 [-0.375  0.268 -0.075 -0.403 -0.185 -0.033  0.764]
 [-0.377  0.422  0.214  0.193 -0.312  0.658 -0.258]
 [-0.38  -0.605 -0.603 -0.079 -0.057  0.332 -0.075]
 [-0.377 -0.163  0.22   0.654  0.479 -0.009  0.355]
 [-0.377  0.515 -0.477  0.018  0.319 -0.38  -0.343]]
Learning Rate : 20
Distance measure: 2.29
Time taken to converge as per expectation: inf s