
Playing the asymmetric EigenGame (Variant a, adagrad)...
Time taken: 191.68910574913025s
EigenVectors obtained through EigenGame:
[[-0.382 -0.215  0.56  -0.137 -0.271 -0.367 -0.524]
 [-0.381 -0.231 -0.304 -0.509 -0.15   0.629 -0.193]
 [-0.375  0.26   0.387 -0.1    0.767  0.182  0.08 ]
 [-0.379  0.414 -0.048  0.678 -0.273  0.318 -0.205]
 [-0.376 -0.613  0.149  0.307 -0.082  0.041  0.605]
 [-0.379 -0.171 -0.641  0.136  0.35  -0.473 -0.233]
 [-0.374  0.506 -0.097 -0.376 -0.335 -0.332  0.469]]
EigenVectors obtained through numpy:
[[-0.379 -0.207  0.574 -0.01  -0.274 -0.381 -0.514]
 [-0.379 -0.223 -0.192 -0.558 -0.161  0.624 -0.21 ]
 [-0.375  0.268  0.403 -0.033  0.764  0.185  0.075]
 [-0.377  0.422 -0.193  0.658 -0.258  0.312 -0.214]
 [-0.38  -0.605  0.079  0.332 -0.075  0.057  0.603]
 [-0.377 -0.163 -0.654 -0.009  0.355 -0.479 -0.22 ]
 [-0.377  0.515 -0.018 -0.38  -0.343 -0.319  0.477]]
Learning Rate : 45
Distance measure: 0.304
Time taken to converge as per expectation: inf s