
Playing the asymmetric EigenGame (Variant a, momentum)...
Time taken: 214.58463501930237s
EigenVectors obtained through EigenGame:
[[-0.254  0.072  0.18  -0.484 -0.286 -0.831 -0.265]
 [-0.323  0.107 -0.327  0.316  0.468 -0.402  0.611]
 [-0.382 -0.348  0.373 -0.336  0.198  0.279  0.027]
 [-0.32  -0.516 -0.286  0.37  -0.496  0.01   0.162]
 [-0.506  0.527  0.122  0.347 -0.218  0.064 -0.476]
 [-0.318  0.049 -0.789 -0.231  0.257  0.242 -0.356]
 [-0.475 -0.562  0.046  0.493  0.549 -0.091 -0.42 ]]
EigenVectors obtained through numpy:
[[-0.379  0.207  0.574 -0.514  0.01  -0.274 -0.381]
 [-0.379  0.223 -0.192 -0.21   0.558 -0.161  0.624]
 [-0.375 -0.268  0.403  0.075  0.033  0.764  0.185]
 [-0.377 -0.422 -0.193 -0.214 -0.658 -0.258  0.312]
 [-0.38   0.605  0.079  0.603 -0.332 -0.075  0.057]
 [-0.377  0.163 -0.654 -0.22   0.009  0.355 -0.479]
 [-0.377 -0.515 -0.018  0.477  0.38  -0.343 -0.319]]
Learning Rate : 20
Distance measure: 1.604
Time taken to converge as per expectation: inf s