
Playing the asymmetric EigenGame (Variant a, momentum)...
Time taken: 183.25366687774658s
EigenVectors obtained through EigenGame:
[[-0.256 -0.163  0.21  -0.466 -0.504  0.257 -0.379]
 [-0.324 -0.158 -0.346  0.098 -0.392 -0.536  0.331]
 [-0.383  0.341  0.559 -0.195  0.196 -0.641  0.171]
 [-0.321  0.472  0.16  -0.4    0.509  0.421  0.396]
 [-0.504 -0.475  0.441  0.222  0.38  -0.014 -0.248]
 [-0.319 -0.1   -0.551 -0.502  0.375 -0.239 -0.447]
 [-0.474  0.611  0.019  0.524 -0.095  0.03  -0.547]]
EigenVectors obtained through numpy:
[[-0.379 -0.207  0.574 -0.514 -0.01   0.274 -0.381]
 [-0.379 -0.223 -0.192 -0.21  -0.558  0.161  0.624]
 [-0.375  0.268  0.403  0.075 -0.033 -0.764  0.185]
 [-0.377  0.422 -0.193 -0.214  0.658  0.258  0.312]
 [-0.38  -0.605  0.079  0.603  0.332  0.075  0.057]
 [-0.377 -0.163 -0.654 -0.22  -0.009 -0.355 -0.479]
 [-0.377  0.515 -0.018  0.477 -0.38   0.343 -0.319]]
Learning Rate : 0.005
Distance measure: 1.561
Time taken to converge as per expectation: inf s