
Playing the asymmetric EigenGame (Variant a, momentum)...
Time taken: 188.80102920532227s
EigenVectors obtained through EigenGame:
[[-0.254 -0.328  0.519 -0.481 -0.315  0.462 -0.208]
 [-0.323 -0.324  0.067  0.26  -0.679  0.017  0.499]
 [-0.382  0.17   0.436 -0.223  0.276 -0.601 -0.018]
 [-0.32   0.3   -0.422 -0.709 -0.124  0.314  0.169]
 [-0.506 -0.641  0.202  0.054  0.514  0.362 -0.01 ]
 [-0.318 -0.266 -0.519  0.012 -0.128 -0.355 -0.657]
 [-0.475  0.434  0.22   0.38  -0.26   0.265 -0.497]]
EigenVectors obtained through numpy:
[[-0.379 -0.207  0.574  0.01  -0.514  0.274 -0.381]
 [-0.379 -0.223 -0.192  0.558 -0.21   0.161  0.624]
 [-0.375  0.268  0.403  0.033  0.075 -0.764  0.185]
 [-0.377  0.422 -0.193 -0.658 -0.214  0.258  0.312]
 [-0.38  -0.605  0.079 -0.332  0.603  0.075  0.057]
 [-0.377 -0.163 -0.654  0.009 -0.22  -0.355 -0.479]
 [-0.377  0.515 -0.018  0.38   0.477  0.343 -0.319]]
Learning Rate : 0.5
Distance measure: 1.449
Time taken to converge as per expectation: inf s