
Playing the asymmetric EigenGame (Variant a, momentum)...
Time taken: 167.89668011665344s
EigenVectors obtained through EigenGame:
[[-0.254  0.241 -0.277 -0.082 -0.767  0.481 -0.266]
 [-0.323  0.278  0.621 -0.202 -0.227  0.403  0.644]
 [-0.382 -0.183 -0.109 -0.025 -0.394 -0.714  0.021]
 [-0.32  -0.354 -0.447 -0.554  0.171  0.25   0.032]
 [-0.506  0.708 -0.086  0.335  0.308 -0.076 -0.166]
 [-0.318  0.218  0.368 -0.602  0.272 -0.034 -0.491]
 [-0.475 -0.396  0.428  0.412 -0.082  0.164 -0.494]]
EigenVectors obtained through numpy:
[[-0.379  0.207  0.01  -0.514 -0.574  0.274 -0.381]
 [-0.379  0.223  0.558 -0.21   0.192  0.161  0.624]
 [-0.375 -0.268  0.033  0.075 -0.403 -0.764  0.185]
 [-0.377 -0.422 -0.658 -0.214  0.193  0.258  0.312]
 [-0.38   0.605 -0.332  0.603 -0.079  0.075  0.057]
 [-0.377  0.163  0.009 -0.22   0.654 -0.355 -0.479]
 [-0.377 -0.515  0.38   0.477  0.018  0.343 -0.319]]
Learning Rate : 30
Distance measure: 1.397
Time taken to converge as per expectation: inf s