
Playing the asymmetric EigenGame (Variant a, momentum)...
Time taken: 208.43519806861877s
EigenVectors obtained through EigenGame:
[[-0.473  0.135  0.449  0.245  0.11  -0.116  0.283]
 [-0.413  0.133 -0.336  0.755  0.1    0.022 -0.46 ]
 [-0.353 -0.356  0.346 -0.073 -0.403  0.455 -0.467]
 [-0.412 -0.49   0.063 -0.127  0.706 -0.125 -0.325]
 [-0.253  0.458 -0.181 -0.543 -0.341 -0.465 -0.404]
 [-0.413  0.076 -0.59  -0.01   0.426  0.738  0.211]
 [-0.275 -0.618 -0.425  0.232 -0.139 -0.056  0.421]]
EigenVectors obtained through numpy:
[[-0.379  0.207  0.574  0.01   0.514 -0.274  0.381]
 [-0.379  0.223 -0.192  0.558  0.21  -0.161 -0.624]
 [-0.375 -0.268  0.403  0.033 -0.075  0.764 -0.185]
 [-0.377 -0.422 -0.193 -0.658  0.214 -0.258 -0.312]
 [-0.38   0.605  0.079 -0.332 -0.603 -0.075 -0.057]
 [-0.377  0.163 -0.654  0.009  0.22   0.355  0.479]
 [-0.377 -0.515 -0.018  0.38  -0.477 -0.343  0.319]]
Learning Rate : 0.0005
Distance measure: 1.588
Time taken to converge as per expectation: inf s