
Playing the asymmetric EigenGame (Variant c, adagrad)...
Time taken: 188.51017904281616s
EigenVectors obtained through EigenGame:
[[-0.379 -0.21  -0.541 -0.222 -0.258 -0.629 -0.092]
 [-0.379 -0.222 -0.068  0.593 -0.127  0.288 -0.592]
 [-0.375  0.266 -0.331 -0.16   0.787  0.167 -0.07 ]
 [-0.377  0.423  0.429 -0.511 -0.295  0.072 -0.377]
 [-0.38  -0.605  0.064 -0.331 -0.084  0.474  0.381]
 [-0.377 -0.159  0.614  0.269  0.311 -0.499  0.191]
 [-0.377  0.515 -0.166  0.361 -0.327  0.125  0.559]]
EigenVectors obtained through numpy:
[[-0.379 -0.207 -0.574  0.01  -0.274 -0.514  0.381]
 [-0.379 -0.223  0.192  0.558 -0.161 -0.21  -0.624]
 [-0.375  0.268 -0.403  0.033  0.764  0.075 -0.185]
 [-0.377  0.422  0.193 -0.658 -0.258 -0.214 -0.312]
 [-0.38  -0.605 -0.079 -0.332 -0.075  0.603 -0.057]
 [-0.377 -0.163  0.654  0.009  0.355 -0.22   0.479]
 [-0.377  0.515  0.018  0.38  -0.343  0.477  0.319]]
Learning Rate : 35
Distance measure: 1.232
Time taken to converge as per expectation: inf s