
Playing the asymmetric EigenGame (Variant a, adagrad)...
Time taken: 186.18106389045715s
EigenVectors obtained through EigenGame:
[[-0.379 -0.207  0.574 -0.02   0.275  0.315 -0.557]
 [-0.379 -0.224 -0.154  0.573  0.147 -0.645 -0.132]
 [-0.375  0.268  0.405 -0.013 -0.764 -0.174  0.097]
 [-0.377  0.421 -0.237 -0.637  0.274 -0.336 -0.174]
 [-0.38  -0.606  0.058 -0.335  0.084  0.017  0.606]
 [-0.377 -0.165 -0.651  0.042 -0.356  0.448 -0.277]
 [-0.377  0.514  0.006  0.389  0.333  0.376  0.435]]
EigenVectors obtained through numpy:
[[-0.379 -0.207  0.574  0.01   0.274  0.381 -0.514]
 [-0.379 -0.223 -0.192  0.558  0.161 -0.624 -0.21 ]
 [-0.375  0.268  0.403  0.033 -0.764 -0.185  0.075]
 [-0.377  0.422 -0.193 -0.658  0.258 -0.312 -0.214]
 [-0.38  -0.605  0.079 -0.332  0.075 -0.057  0.603]
 [-0.377 -0.163 -0.654  0.009 -0.355  0.479 -0.22 ]
 [-0.377  0.515 -0.018  0.38   0.343  0.319  0.477]]
Learning Rate : 35
Distance measure: 0.2
Time taken to converge as per expectation: inf s