
Playing the asymmetric EigenGame (Variant c)...
Time taken: 513.4617731571198s
EigenVectors obtained through EigenGame:
[[ 0.315  0.224 -0.03   0.463  0.009  0.061 -0.316  0.155  0.685  0.197]
 [ 0.316  0.501  0.151  0.348 -0.421  0.069  0.288 -0.336 -0.349  0.069]
 [ 0.317 -0.087 -0.097 -0.178  0.135  0.553 -0.578 -0.251 -0.313  0.176]
 [ 0.32  -0.465 -0.025  0.389  0.241 -0.208  0.023 -0.432  0.005 -0.49 ]
 [ 0.315  0.5    0.088 -0.125  0.523 -0.103 -0.032  0.372 -0.199 -0.405]
 [ 0.317 -0.323  0.31  -0.099 -0.417  0.412  0.159  0.443  0.08  -0.342]
 [ 0.317 -0.22   0.598 -0.132  0.308 -0.187  0.217 -0.028  0.003  0.546]
 [ 0.315  0.066  0.004 -0.497 -0.421 -0.55  -0.344 -0.156  0.13  -0.103]
 [ 0.315 -0.25  -0.521  0.21  -0.094 -0.274  0.045  0.455 -0.371  0.303]
 [ 0.315  0.066 -0.484 -0.384  0.135  0.222  0.537 -0.215  0.332  0.054]]
EigenVectors obtained through numpy:
[[ 0.315  0.224 -0.052  0.461  0.003  0.061 -0.315 -0.005  0.703  0.198]
 [ 0.316  0.501  0.133  0.354 -0.426  0.036  0.291 -0.247 -0.415  0.069]
 [ 0.317 -0.087 -0.088 -0.183  0.092  0.562 -0.577 -0.182 -0.36   0.176]
 [ 0.32  -0.465 -0.044  0.388  0.256 -0.188  0.028 -0.423 -0.09  -0.49 ]
 [ 0.315  0.5    0.094 -0.12   0.529 -0.061 -0.037  0.407 -0.112 -0.405]
 [ 0.317 -0.323  0.315 -0.084 -0.448  0.378  0.154  0.416  0.176 -0.342]
 [ 0.317 -0.22   0.603 -0.102  0.322 -0.162  0.218 -0.025 -0.004  0.546]
 [ 0.315  0.066  0.029 -0.497 -0.376 -0.581 -0.342 -0.185  0.093 -0.103]
 [ 0.315 -0.25  -0.531  0.184 -0.073 -0.28   0.038  0.526 -0.261  0.303]
 [ 0.315  0.066 -0.464 -0.407  0.117  0.232  0.54  -0.277  0.275  0.054]]
Learning Rate : 1e-06
Distance measure: 0.342
Time taken to converge as per expectation: inf s