
Playing the asymmetric EigenGame (Variant b, rmsprop)...
Time taken: 262.50133872032166s
EigenVectors obtained through EigenGame:
[[ 0.379 -0.207  0.574  0.103 -0.255 -0.368 -0.523]
 [ 0.379 -0.223 -0.174 -0.472 -0.345  0.629 -0.195]
 [ 0.375  0.268  0.404 -0.286  0.71   0.182  0.079]
 [ 0.377  0.422 -0.213  0.7   -0.016  0.317 -0.206]
 [ 0.38  -0.605  0.069  0.34   0.046  0.043  0.605]
 [ 0.377 -0.163 -0.653 -0.151  0.322 -0.474 -0.232]
 [ 0.377  0.515 -0.006 -0.237 -0.453 -0.33   0.47 ]]
EigenVectors obtained through numpy:
[[ 0.379 -0.207  0.574 -0.01  -0.274 -0.381 -0.514]
 [ 0.379 -0.223 -0.192 -0.558 -0.161  0.624 -0.21 ]
 [ 0.375  0.268  0.403 -0.033  0.764  0.185  0.075]
 [ 0.377  0.422 -0.193  0.658 -0.258  0.312 -0.214]
 [ 0.38  -0.605  0.079  0.332 -0.075  0.057  0.603]
 [ 0.377 -0.163 -0.654 -0.009  0.355 -0.479 -0.22 ]
 [ 0.377  0.515 -0.018 -0.38  -0.343 -0.319  0.477]]
Learning Rate : 0.0005
Distance measure: 0.503
Time taken to converge as per expectation: inf s