
Playing the asymmetric EigenGame (Variant a, momentum)...
Time taken: 188.07539892196655s
EigenVectors obtained through EigenGame:
[[-0.473  0.135  0.473 -0.081 -0.214 -0.208  0.291]
 [-0.413  0.133 -0.273 -0.005  0.403 -0.818 -0.232]
 [-0.353 -0.356  0.365 -0.547  0.177  0.153 -0.6  ]
 [-0.412 -0.49  -0.031  0.658 -0.404 -0.095 -0.342]
 [-0.253  0.458 -0.218 -0.322 -0.724 -0.061 -0.23 ]
 [-0.413  0.076 -0.617 -0.003  0.22   0.481 -0.152]
 [-0.275 -0.618 -0.373 -0.397 -0.156 -0.142  0.555]]
EigenVectors obtained through numpy:
[[-0.379  0.207  0.574  0.514  0.01   0.381  0.274]
 [-0.379  0.223 -0.192  0.21   0.558 -0.624  0.161]
 [-0.375 -0.268  0.403 -0.075  0.033 -0.185 -0.764]
 [-0.377 -0.422 -0.193  0.214 -0.658 -0.312  0.258]
 [-0.38   0.605  0.079 -0.603 -0.332 -0.057  0.075]
 [-0.377  0.163 -0.654  0.22   0.009  0.479 -0.355]
 [-0.377 -0.515 -0.018 -0.477  0.38   0.319  0.343]]
Learning Rate : 0.0005
Distance measure: 1.856
Time taken to converge as per expectation: inf s