
Playing the asymmetric EigenGame (Variant c)...
Time taken: 86.04719996452332s
EigenVectors obtained through EigenGame:
[[ 0.448  0.464  0.54  -0.48   0.244]
 [ 0.449 -0.609 -0.291 -0.566 -0.138]
 [ 0.443  0.476 -0.323  0.171 -0.668]
 [ 0.447 -0.421  0.541  0.562 -0.119]
 [ 0.449  0.104 -0.476  0.324  0.679]]
EigenVectors obtained through numpy:
[[ 0.448  0.603  0.382 -0.48   0.243]
 [ 0.449 -0.669 -0.094 -0.568 -0.14 ]
 [ 0.443  0.357 -0.447  0.168 -0.67 ]
 [ 0.447 -0.242  0.641  0.563 -0.121]
 [ 0.449 -0.044 -0.484  0.321  0.677]]
Learning Rate : 0.005
Distance measure: 0.424
Time taken to converge as per expectation: inf s