
Playing the asymmetric EigenGame (Variant b, rmsprop)...
Time taken: 351.7517251968384s
EigenVectors obtained through EigenGame:
[[ 0.379 -0.209  0.571 -0.043  0.253  0.345 -0.549]
 [ 0.379 -0.223 -0.232 -0.54   0.204 -0.63  -0.155]
 [ 0.375  0.266  0.4   -0.082 -0.753 -0.213  0.098]
 [ 0.377  0.424 -0.143  0.675  0.255 -0.32  -0.186]
 [ 0.38  -0.605  0.101  0.328  0.073  0.     0.606]
 [ 0.377 -0.16  -0.654  0.031 -0.378  0.44  -0.259]
 [ 0.377  0.515 -0.043 -0.369  0.339  0.378  0.443]]
EigenVectors obtained through numpy:
[[ 0.379 -0.207  0.574 -0.01   0.274  0.381 -0.514]
 [ 0.379 -0.223 -0.192 -0.558  0.161 -0.624 -0.21 ]
 [ 0.375  0.268  0.403 -0.033 -0.764 -0.185  0.075]
 [ 0.377  0.422 -0.193  0.658  0.258 -0.312 -0.214]
 [ 0.38  -0.605  0.079  0.332  0.075 -0.057  0.603]
 [ 0.377 -0.163 -0.654 -0.009 -0.355  0.479 -0.22 ]
 [ 0.377  0.515 -0.018 -0.38   0.343  0.319  0.477]]
Learning Rate : 0.0001
Distance measure: 0.18
Time taken to converge as per expectation: inf s