
Playing the asymmetric EigenGame (Variant b, adagrad)...
Time taken: 219.1463918685913s
EigenVectors obtained through EigenGame:
[[-0.379 -0.208  0.574  0.008  0.273  0.384 -0.512]
 [-0.379 -0.223 -0.19   0.558  0.163 -0.622 -0.213]
 [-0.375  0.268  0.404  0.033 -0.763 -0.187  0.074]
 [-0.377  0.422 -0.195 -0.658  0.257 -0.31  -0.216]
 [-0.38  -0.605  0.077 -0.333  0.075 -0.061  0.603]
 [-0.377 -0.162 -0.654  0.012 -0.356  0.48  -0.217]
 [-0.377  0.515 -0.016  0.38   0.343  0.317  0.479]]
EigenVectors obtained through numpy:
[[-0.379 -0.207  0.574  0.01   0.274  0.381 -0.514]
 [-0.379 -0.223 -0.192  0.558  0.161 -0.624 -0.21 ]
 [-0.375  0.268  0.403  0.033 -0.764 -0.185  0.075]
 [-0.377  0.422 -0.193 -0.658  0.258 -0.312 -0.214]
 [-0.38  -0.605  0.079 -0.332  0.075 -0.057  0.603]
 [-0.377 -0.163 -0.654  0.009 -0.355  0.479 -0.22 ]
 [-0.377  0.515 -0.018  0.38   0.343  0.319  0.477]]
Learning Rate : 40
Distance measure: 0.011
Time taken to converge as per expectation: inf s