
Playing the asymmetric EigenGame (Variant a, momentum)...
Time taken: 235.07425808906555s
EigenVectors obtained through EigenGame:
[[-0.255 -0.163  0.285 -0.499 -0.287 -0.237  0.516]
 [-0.323 -0.158 -0.179  0.099 -0.548 -0.125 -0.708]
 [-0.382  0.341  0.608 -0.159  0.135  0.851  0.175]
 [-0.32   0.472 -0.081 -0.557  0.556 -0.084 -0.092]
 [-0.505 -0.475  0.332  0.111  0.534 -0.094 -0.059]
 [-0.319 -0.1   -0.617 -0.277  0.074  0.375  0.34 ]
 [-0.474  0.611  0.145  0.564 -0.    -0.219  0.273]]
EigenVectors obtained through numpy:
[[-0.379 -0.207  0.574 -0.514 -0.01  -0.274  0.381]
 [-0.379 -0.223 -0.192 -0.21  -0.558 -0.161 -0.624]
 [-0.375  0.268  0.403  0.075 -0.033  0.764 -0.185]
 [-0.377  0.422 -0.193 -0.214  0.658 -0.258 -0.312]
 [-0.38  -0.605  0.079  0.603  0.332 -0.075 -0.057]
 [-0.377 -0.163 -0.654 -0.22  -0.009  0.355  0.479]
 [-0.377  0.515 -0.018  0.477 -0.38  -0.343  0.319]]
Learning Rate : 0.01
Distance measure: 1.197
Time taken to converge as per expectation: inf s