
Playing the asymmetric EigenGame (Variant b, momentum)...
Time taken: 265.34875106811523s
EigenVectors obtained through EigenGame:
[[ 0.447  0.567 -0.648  0.209  0.129]
 [ 0.45   0.518  0.687 -0.113 -0.214]
 [ 0.443 -0.363 -0.281 -0.477 -0.606]
 [ 0.447 -0.447  0.147  0.757 -0.07 ]
 [ 0.449 -0.281  0.09  -0.378  0.752]]
EigenVectors obtained through numpy:
[[ 0.448  0.48  -0.603  0.382  0.243]
 [ 0.449  0.568  0.669 -0.094 -0.14 ]
 [ 0.443 -0.168 -0.357 -0.447 -0.67 ]
 [ 0.447 -0.563  0.242  0.641 -0.121]
 [ 0.449 -0.321  0.044 -0.484  0.677]]
Learning Rate : 1e-08
Distance measure: 0.412
Time taken to converge as per expectation: inf s