
Playing the asymmetric EigenGame (Variant a, momentum)...
Time taken: 175.82782196998596s
EigenVectors obtained through EigenGame:
[[-0.254  0.072 -0.665 -0.499 -0.104  0.247 -0.032]
 [-0.323  0.107 -0.075 -0.052 -0.748 -0.55   0.544]
 [-0.382 -0.348 -0.116 -0.074  0.296 -0.65  -0.344]
 [-0.32  -0.516  0.474 -0.506  0.235 -0.001  0.66 ]
 [-0.506  0.527  0.297  0.101  0.26  -0.267  0.01 ]
 [-0.318  0.049  0.459 -0.303 -0.4    0.324 -0.386]
 [-0.475 -0.562  0.125  0.62  -0.243  0.195  0.015]]
EigenVectors obtained through numpy:
[[-0.379  0.207 -0.574 -0.514 -0.01   0.381  0.274]
 [-0.379  0.223  0.192 -0.21  -0.558 -0.624  0.161]
 [-0.375 -0.268 -0.403  0.075 -0.033 -0.185 -0.764]
 [-0.377 -0.422  0.193 -0.214  0.658 -0.312  0.258]
 [-0.38   0.605 -0.079  0.603  0.332 -0.057  0.075]
 [-0.377  0.163  0.654 -0.22  -0.009  0.479 -0.355]
 [-0.377 -0.515  0.018  0.477 -0.38   0.319  0.343]]
Learning Rate : 25
Distance measure: 1.607
Time taken to converge as per expectation: inf s