
Playing the asymmetric EigenGame (Variant a, rmsprop)...
Time taken: 174.74380588531494s
EigenVectors obtained through EigenGame:
[[-0.637 -0.353 -0.411 -0.409 -0.358 -0.358 -0.358]
 [-0.404 -0.368 -0.406 -0.406 -0.355 -0.354 -0.354]
 [-0.184 -0.378 -0.343 -0.342 -0.401 -0.401 -0.401]
 [-0.406 -0.366 -0.335 -0.333 -0.421 -0.422 -0.423]
 [ 0.218 -0.41  -0.429 -0.433 -0.31  -0.308 -0.307]
 [-0.411 -0.366 -0.397 -0.397 -0.359 -0.359 -0.359]
 [ 0.123 -0.401 -0.309 -0.309 -0.427 -0.428 -0.428]]
EigenVectors obtained through numpy:
[[ 0.274 -0.379  0.514 -0.207 -0.01  -0.381  0.574]
 [ 0.161 -0.379  0.21  -0.223 -0.558  0.624 -0.192]
 [-0.764 -0.375 -0.075  0.268 -0.033  0.185  0.403]
 [ 0.258 -0.377  0.214  0.422  0.658  0.312 -0.193]
 [ 0.075 -0.38  -0.603 -0.605  0.332  0.057  0.079]
 [-0.355 -0.377  0.22  -0.163 -0.009 -0.479 -0.654]
 [ 0.343 -0.377 -0.477  0.515 -0.38  -0.319 -0.018]]
Learning Rate : 30
Distance measure: 3.439
Time taken to converge as per expectation: inf s