
Playing the asymmetric EigenGame (Variant a, rmsprop)...
Time taken: 190.48998498916626s
EigenVectors obtained through EigenGame:
[[ 0.381 -0.206 -0.568 -0.095  0.275 -0.388  0.506]
 [ 0.38  -0.222  0.27  -0.525  0.164  0.621  0.218]
 [ 0.375  0.269 -0.396 -0.094 -0.762  0.188 -0.074]
 [ 0.378  0.424  0.093  0.678  0.259  0.309  0.217]
 [ 0.378 -0.603 -0.129  0.316  0.076  0.068 -0.604]
 [ 0.378 -0.161  0.646  0.084 -0.354 -0.481  0.211]
 [ 0.376  0.516  0.072 -0.375  0.344 -0.31  -0.484]]
EigenVectors obtained through numpy:
[[ 0.379 -0.207 -0.574 -0.01   0.274 -0.381  0.514]
 [ 0.379 -0.223  0.192 -0.558  0.161  0.624  0.21 ]
 [ 0.375  0.268 -0.403 -0.033 -0.764  0.185 -0.075]
 [ 0.377  0.422  0.193  0.658  0.258  0.312  0.214]
 [ 0.38  -0.605 -0.079  0.332  0.075  0.057 -0.603]
 [ 0.377 -0.163  0.654 -0.009 -0.355 -0.479  0.22 ]
 [ 0.377  0.515  0.018 -0.38   0.343 -0.319 -0.477]]
Learning Rate : 0.005
Distance measure: 0.209
Time taken to converge as per expectation: inf s