
Playing the asymmetric EigenGame (Variant c)...
Time taken: 88.68631601333618s
EigenVectors obtained through EigenGame:
[[ 0.448  0.646  0.29   0.491 -0.239]
 [ 0.449 -0.681 -0.083  0.568  0.07 ]
 [ 0.443  0.293 -0.6   -0.155  0.58 ]
 [ 0.447 -0.145  0.68  -0.469  0.309]
 [ 0.449 -0.108 -0.292 -0.439 -0.711]]
EigenVectors obtained through numpy:
[[ 0.448  0.603  0.382  0.48  -0.243]
 [ 0.449 -0.669 -0.094  0.568  0.14 ]
 [ 0.443  0.357 -0.447 -0.168  0.67 ]
 [ 0.447 -0.242  0.641 -0.563  0.121]
 [ 0.449 -0.044 -0.484 -0.321 -0.677]]
Learning Rate : 5e-05
Distance measure: 0.403
Time taken to converge as per expectation: inf s