
Playing the asymmetric EigenGame (Variant c)...
Time taken: 81.49233603477478s
EigenVectors obtained through EigenGame:
[[-0.448  0.602 -0.379  0.484 -0.243]
 [-0.449 -0.669  0.103  0.566  0.14 ]
 [-0.443  0.359  0.444 -0.173  0.67 ]
 [-0.447 -0.244 -0.647 -0.555  0.121]
 [-0.449 -0.043  0.48  -0.327 -0.677]]
EigenVectors obtained through numpy:
[[-0.448  0.603 -0.382  0.48  -0.243]
 [-0.449 -0.669  0.094  0.568  0.14 ]
 [-0.443  0.357  0.447 -0.168  0.67 ]
 [-0.447 -0.242 -0.641 -0.563  0.121]
 [-0.449 -0.044  0.484 -0.321 -0.677]]
Learning Rate : 30
Distance measure: 0.017
Time taken to converge as per expectation: inf s