
Playing the asymmetric EigenGame (Variant c, momentum)...
Time taken: 326.4985589981079s
EigenVectors obtained through EigenGame:
[[-0.256  0.522  0.168 -0.211 -0.463  0.211  0.224]
 [-0.317  0.171  0.128  0.505  0.114 -0.287  0.336]
 [-0.414 -0.102  0.19  -0.171 -0.161  0.156 -0.5  ]
 [-0.279 -0.273  0.283 -0.086  0.629  0.511  0.307]
 [-0.495  0.532  0.524  0.752  0.357  0.431 -0.28 ]
 [-0.356  0.206 -0.749 -0.25   0.331 -0.047 -0.337]
 [-0.462 -0.537 -0.058 -0.189 -0.337 -0.632 -0.548]]
EigenVectors obtained through numpy:
[[-0.379  0.207  0.514 -0.381 -0.574 -0.01   0.274]
 [-0.379  0.223  0.21   0.624  0.192 -0.558  0.161]
 [-0.375 -0.268 -0.075  0.185 -0.403 -0.033 -0.764]
 [-0.377 -0.422  0.214  0.312  0.193  0.658  0.258]
 [-0.38   0.605 -0.603  0.057 -0.079  0.332  0.075]
 [-0.377  0.163  0.22  -0.479  0.654 -0.009 -0.355]
 [-0.377 -0.515 -0.477 -0.319  0.018 -0.38   0.343]]
Learning Rate : 1
Distance measure: 2.376
Time taken to converge as per expectation: inf s