
Playing the asymmetric EigenGame (Variant b, adagrad)...
Time taken: 193.83852100372314s
EigenVectors obtained through EigenGame:
[[ 0.379 -0.206 -0.417  0.392  0.28   0.182  0.611]
 [ 0.379 -0.223 -0.248 -0.534  0.16  -0.66  -0.012]
 [ 0.375  0.269 -0.32   0.251 -0.764 -0.141 -0.131]
 [ 0.377  0.422  0.599  0.342  0.246 -0.368  0.096]
 [ 0.38  -0.605  0.174  0.295  0.072  0.149 -0.588]
 [ 0.377 -0.163  0.46  -0.462 -0.352  0.38   0.369]
 [ 0.377  0.515 -0.247 -0.285  0.351  0.458 -0.344]]
EigenVectors obtained through numpy:
[[ 0.379 -0.207 -0.574 -0.01   0.274  0.381  0.514]
 [ 0.379 -0.223  0.192 -0.558  0.161 -0.624  0.21 ]
 [ 0.375  0.268 -0.403 -0.033 -0.764 -0.185 -0.075]
 [ 0.377  0.422  0.193  0.658  0.258 -0.312  0.214]
 [ 0.38  -0.605 -0.079  0.332  0.075 -0.057 -0.603]
 [ 0.377 -0.163  0.654 -0.009 -0.355  0.479  0.22 ]
 [ 0.377  0.515  0.018 -0.38   0.343  0.319 -0.477]]
Learning Rate : 10
Distance measure: 1.163
Time taken to converge as per expectation: inf s