
Playing the asymmetric EigenGame (Variant b, rmsprop)...
Time taken: 264.5556151866913s
EigenVectors obtained through EigenGame:
[[ 0.379 -0.207  0.572  0.046 -0.274 -0.625 -0.135]
 [ 0.379 -0.223 -0.226  0.545 -0.16   0.064  0.654]
 [ 0.375  0.268  0.401  0.057  0.764  0.144  0.137]
 [ 0.377  0.422 -0.151 -0.669 -0.258 -0.067  0.372]
 [ 0.38  -0.604  0.1   -0.327 -0.076  0.574 -0.197]
 [ 0.377 -0.163 -0.653 -0.032  0.355 -0.397 -0.346]
 [ 0.377  0.515 -0.042  0.378 -0.343  0.305 -0.488]]
EigenVectors obtained through numpy:
[[ 0.379 -0.207  0.574  0.01  -0.274 -0.514 -0.381]
 [ 0.379 -0.223 -0.192  0.558 -0.161 -0.21   0.624]
 [ 0.375  0.268  0.403  0.033  0.764  0.075  0.185]
 [ 0.377  0.422 -0.193 -0.658 -0.258 -0.214  0.312]
 [ 0.38  -0.605  0.079 -0.332 -0.075  0.603  0.057]
 [ 0.377 -0.163 -0.654  0.009  0.355 -0.22  -0.479]
 [ 0.377  0.515 -0.018  0.38  -0.343  0.477 -0.319]]
Learning Rate : 0.0005
Distance measure: 0.601
Time taken to converge as per expectation: inf s