
Playing the asymmetric EigenGame (Variant c, adagrad)...
Time taken: 245.62859106063843s
EigenVectors obtained through EigenGame:
[[ 0.379 -0.21   0.383 -0.722 -0.079 -0.378  0.043]
 [ 0.379  0.225  0.363 -0.008 -0.389  0.716 -0.097]
 [ 0.375  0.118  0.049  0.028  0.762  0.216  0.47 ]
 [ 0.377 -0.333  0.383  0.595  0.135 -0.253 -0.399]
 [ 0.38  -0.615 -0.626 -0.073 -0.079  0.251 -0.056]
 [ 0.377  0.227 -0.154  0.319 -0.47  -0.369  0.571]
 [ 0.377  0.593 -0.396 -0.135  0.128 -0.186 -0.528]]
EigenVectors obtained through numpy:
[[ 0.379  0.01   0.514 -0.574 -0.207 -0.381 -0.274]
 [ 0.379  0.558  0.21   0.192 -0.223  0.624 -0.161]
 [ 0.375  0.033 -0.075 -0.403  0.268  0.185  0.764]
 [ 0.377 -0.658  0.214  0.193  0.422  0.312 -0.258]
 [ 0.38  -0.332 -0.603 -0.079 -0.605  0.057 -0.075]
 [ 0.377  0.009  0.22   0.654 -0.163 -0.479  0.355]
 [ 0.377  0.38  -0.477  0.018  0.515 -0.319 -0.343]]
Learning Rate : 0.1
Distance measure: 1.674
Time taken to converge as per expectation: inf s