
Playing the asymmetric EigenGame (Variant a, momentum)...
Time taken: 490.8186197280884s
EigenVectors obtained through EigenGame:
[[ 0.254  0.072  0.339 -0.56   0.161 -0.189  0.299]
 [ 0.323  0.107 -0.232 -0.353  0.184 -0.231 -0.82 ]
 [ 0.382 -0.348  0.549  0.181 -0.436 -0.334 -0.172]
 [ 0.32  -0.516 -0.029  0.108  0.021  0.679 -0.27 ]
 [ 0.506  0.527  0.312  0.507  0.121  0.112 -0.195]
 [ 0.318  0.049 -0.629  0.077 -0.372 -0.508  0.138]
 [ 0.475 -0.562  0.189  0.504  0.773 -0.259  0.281]]
EigenVectors obtained through numpy:
[[ 0.379  0.207  0.574 -0.514  0.274 -0.01   0.381]
 [ 0.379  0.223 -0.192 -0.21   0.161 -0.558 -0.624]
 [ 0.375 -0.268  0.403  0.075 -0.764 -0.033 -0.185]
 [ 0.377 -0.422 -0.193 -0.214  0.258  0.658 -0.312]
 [ 0.38   0.605  0.079  0.603  0.075  0.332 -0.057]
 [ 0.377  0.163 -0.654 -0.22  -0.355 -0.009  0.479]
 [ 0.377 -0.515 -0.018  0.477  0.343 -0.38   0.319]]
Learning Rate : 40
Distance measure: 1.283
Time taken to converge as per expectation: inf s