
Playing the asymmetric EigenGame (Variant c)...
Time taken: 84.44298982620239s
EigenVectors obtained through EigenGame:
[[-0.448  0.6   -0.311  0.531  0.243]
 [-0.449 -0.669  0.182  0.547 -0.14 ]
 [-0.443  0.361  0.415 -0.231 -0.67 ]
 [-0.447 -0.247 -0.715 -0.463 -0.121]
 [-0.449 -0.041  0.432 -0.389  0.677]]
EigenVectors obtained through numpy:
[[-0.448  0.603 -0.382  0.48   0.243]
 [-0.449 -0.669  0.094  0.568 -0.14 ]
 [-0.443  0.357  0.447 -0.168 -0.67 ]
 [-0.447 -0.242 -0.641 -0.563 -0.121]
 [-0.449 -0.044  0.484 -0.321  0.677]]
Learning Rate : 45
Distance measure: 0.209
Time taken to converge as per expectation: inf s