
Playing the asymmetric EigenGame (Variant a, adagrad)...
Time taken: 81.61335706710815s
EigenVectors obtained through EigenGame:
[[ 0.448 -0.604 -0.381  0.48   0.243]
 [ 0.449  0.67   0.092  0.568 -0.14 ]
 [ 0.443 -0.356  0.448 -0.168 -0.67 ]
 [ 0.447  0.24  -0.641 -0.563 -0.121]
 [ 0.449  0.046  0.484 -0.321  0.677]]
EigenVectors obtained through numpy:
[[ 0.448 -0.603 -0.382  0.48   0.243]
 [ 0.449  0.669  0.094  0.568 -0.14 ]
 [ 0.443 -0.357  0.447 -0.168 -0.67 ]
 [ 0.447  0.242 -0.641 -0.563 -0.121]
 [ 0.449  0.044  0.484 -0.321  0.677]]
Learning Rate : 20
Distance measure: 0.004
Time taken to converge as per expectation: 81.61121010780334 s