
Playing the asymmetric EigenGame (Variant b, rmsprop)...
Time taken: 255.68403100967407s
EigenVectors obtained through EigenGame:
[[ 0.379  0.202 -0.576 -0.025 -0.271 -0.389 -0.508]
 [ 0.379  0.218  0.2   -0.556 -0.159  0.621 -0.228]
 [ 0.375 -0.273 -0.407 -0.047  0.768  0.191  0.065]
 [ 0.377 -0.427  0.175  0.658 -0.254  0.309 -0.224]
 [ 0.38   0.6   -0.088  0.328 -0.073  0.072  0.6  ]
 [ 0.377  0.158  0.651  0.001  0.356 -0.482 -0.211]
 [ 0.377 -0.52   0.021 -0.383 -0.339 -0.304  0.481]]
EigenVectors obtained through numpy:
[[ 0.379  0.207 -0.574 -0.01  -0.274 -0.381 -0.514]
 [ 0.379  0.223  0.192 -0.558 -0.161  0.624 -0.21 ]
 [ 0.375 -0.268 -0.403 -0.033  0.764  0.185  0.075]
 [ 0.377 -0.422  0.193  0.658 -0.258  0.312 -0.214]
 [ 0.38   0.605 -0.079  0.332 -0.075  0.057  0.603]
 [ 0.377  0.163  0.654 -0.009  0.355 -0.479 -0.22 ]
 [ 0.377 -0.515  0.018 -0.38  -0.343 -0.319  0.477]]
Learning Rate : 0.01
Distance measure: 0.05
Time taken to converge as per expectation: inf s